X,Y,Z,Bz[T]
0.07,0.021934533322278495,0.020966019251760663,0.008663548285815156
0.07000000000000002,0.025,0.017657021474233835,0.008841561028399482
0.06440153307225,0.025,0.020237900647409345,0.008810212304436394
0.07,0.025,0.025,0.00880170828012261
0.05563095220395087,0.025,0.01525260098570827,0.008684139448368133
0.052210213351108634,0.025,0.01956635658114158,0.008702901598417192
0.054761237458337185,0.01952378808402568,0.018399877440261204,0.0084131600939174
0.05890098419509914,0.025,0.019994350052289146,0.008747983954710058
0.05599999999999999,0.025,0.025,0.008667081227465937
0.06290962388594577,0.018630210689029966,0.025,0.008271541993268523
0.06300000000000003,0.025,0.025,0.008743958563541302
0.07,0.017214938245563062,0.025000000000000005,0.00824209852762856
0.07,-0.021380660601091485,0.020942279140890273,0.008629847701313142
0.07,-0.025000000000000005,0.017899912136772212,0.008850067898002667
0.06469886110627782,-0.024999999999999998,0.020561260747526573,0.008797733998417353
0.07,-0.016969562460885906,0.01574449939056123,0.008485490049842496
0.07,0.018438282467793467,0.015932761177261022,0.008558097970911565
0.06333180053452232,0.018981035275909573,0.014409893952921683,0.008506843194180078
0.0627961685487089,0.025,0.01353724133798151,0.008722413129382028
0.07000000000000002,0.025000000000000005,0.009364608241620028,0.008747728038769255
0.04946686570322145,0.025,0.013061868104590202,0.008608241154949538
0.05601494057252354,0.025,0.008540655157783862,0.008580391106008731
0.05666360106904464,0.01952378808402568,0.012887026728582345,0.008466154981472941
0.04264637718730449,0.025,0.012376702645399685,0.00854235563066162
0.035146981837817726,0.025,0.012692893039062382,0.0085160217989504
0.03878830013073101,0.025,0.006528562059408528,0.008440304262609397
0.03921010217207085,0.020751270984947674,0.015354287537218434,0.008391547516790979
0.038523425222377256,0.025,0.01864870917270741,0.008624313456358097
0.045523753783318244,0.025,0.019075271779260668,0.008640100159094636
0.05003194562439209,0.015142119209251792,0.016572766746601717,0.008220523115574465
0.042751629683218446,0.016236662250452234,0.015912135193822605,0.008234298867674874
0.06207479835455799,0.025,0.0046483398939528575,0.00859901884899665
0.05936995949443757,-0.025000000000000005,0.0198303190164045,0.008768461626165503
0.06334549313601322,-0.024999999999999998,0.0131966735988882,0.008728421936306406
0.0588568525372671,-0.017338715330254863,0.01821304554924295,0.008347884540277236
0.055919633504779374,-0.025,0.0141451730881412,0.008665495630831084
0.07000000000000002,-0.025000000000000005,0.009632328284335358,0.008741281139062022
0.07,-0.025,0.025,0.008801450415738345
0.02791689328823814,0.025,0.012447157213065559,0.00847837394920827
0.024404251565792057,0.025,0.006413040493121171,0.008372706177152214
0.031535978974193385,0.025,0.006424670523202546,0.008407102592608703
0.026062848861765457,0.02009735026927087,0.01228051523744321,0.008304884352630406
0.020889832118375768,0.025,0.012481364713235535,0.008453137679505186
0.024458804822405297,0.025,0.01879225885859325,0.008555228609559791
0.021811386093587168,0.020567878656484396,0.018767313616641444,0.008296459489796605
0.01738838845385615,0.025,0.018753927683206113,0.00854083876165413
0.031445786983101215,0.025,0.018751134437466503,0.008575848081037155
0.033490500571773885,0.01981231947817965,0.016493950792227288,0.008322527132865397
0.05153599313623017,-0.025,0.018666286225083435,0.00869849120904899
0.06298797981684666,-0.01964986564910147,0.025,0.008334141309561569
0.07,-0.01721493824556305,0.025,0.008237182560788226
0.06300000000000001,-0.025000000000000005,0.025000000000000005,0.008743457589297851
0.04117567762946184,-0.025,0.013690246846974286,0.00856371734196774
0.04042058741023453,-0.019425850908876857,0.01805618090016462,0.008316001624914063
0.045415540671285254,-0.025,0.01847902533612151,0.008645087661133513
0.04127856359573152,-0.019425850908876857,0.012113144109541632,0.008351738067516903
0.038389281914302714,-0.025,0.018880988897190122,0.008631472209706286
0.04200000000000002,-0.025,0.025,0.00858391391079477
0.062424932451150474,-0.011999609034128198,0.02500000000000001,0.007938789462423016
0.07,-0.006316391513929688,0.015676549578846025,0.008231485583212687
0.053894710936981276,-0.0175629336037885,0.025,0.008128629292989048
0.05600000000000001,-0.025000000000000005,0.025000000000000005,0.00867171914762744
0.04900000000000002,-0.025,0.025,0.00861794202710686
0.07000000000000002,-0.0066368476008686825,0.025,0.007834142285410213
0.07,0.011381518703988583,0.014838735904040069,0.008344222740078967
0.06212456122586962,0.009983391246439217,0.025,0.007879715123467121
0.07,0.006636847600868696,0.025,0.007861522501146698
0.05731226156556573,0.014047576168051353,0.01723339829938083,0.008232870628133245
0.041999999999999996,0.025,0.025,0.008583599486132628
0.048999999999999995,0.024999999999999998,0.024999999999999998,0.008618250450748837
0.0444564372020161,0.019530558812125842,0.025,0.00820493005746469
0.052336404836851744,0.01567293350349186,0.025,0.008003719751443
0.04846385328637152,0.00938400247757594,0.01887449930419227,0.007998881980021669
0.04235146998418361,0.011776448842362994,0.025,0.007794375153962106
0.026234383733318184,0.016135757312968787,0.01878069955007677,0.008100252448063974
0.027999999999999994,0.025,0.025,0.00851310640628527
0.02099999999999999,0.025,0.025,0.008507657857060277
0.03797103143973722,0.01813029803709465,0.025,0.008077909290151609
0.03711833014663309,0.015484496795718625,0.01644343728140902,0.00817286204116555
0.03499999999999999,0.025,0.025,0.008557954460656481
0.024149968828961706,0.01925889896367121,0.024999999999999998,0.00808367546931343
0.013584649982356133,0.021180007352298174,0.009377419352730045,0.008292005266682589
0.013877465266124819,0.025,0.012504355275435516,0.008442588374175532
0.017276387089351322,0.025,0.006462281972109558,0.008354573967906374
0.010349210260690273,0.025,0.006509998599833151,0.00835074421649106
0.006994003199137844,0.025,0.012563649867492026,0.008428815306551785
0.013599107705788229,0.025,5.578665937244869E-4,0.008305989335705515
0.033771425743971906,0.01802932619978149,0.010504434061058365,0.008278195951301947
0.02042255106728715,0.025,2.852833820346061E-4,0.008320558229202914
0.02075653322267878,0.017394627368296695,0.003332024920851504,0.008224035959301067
0.027697378351537166,0.025,3.8863488990998826E-4,0.008343645034004029
0.05174766930266216,-0.016870279873617063,0.014793401563602232,0.008329153226877438
0.06087383465133109,-0.015486148327465464,0.010638508382266793,0.00839898821508913
0.06269348601427571,-0.025,0.003989120915512255,0.008599942954465192
0.058343745580096626,-0.009677430660509724,0.016595772082081395,0.008139651816558093
0.052182327546162255,-0.009038054447149793,0.025000000000000005,0.007757462821802948
0.07,-0.014102016781313861,0.006483615200931353,0.00850412723681965
0.07,0.025,2.1033522146218786E-17,0.008660893897302738
0.07,0.01785288155243281,0.006184594589138781,0.00857112944698179
0.07,-0.003971066840972565,0.00692034252204733,0.008365742475928062
0.062288118294279715,3.375822994295996E-4,0.014212774093615281,0.008139657483641023
0.062288118294279715,0.012422218832610849,0.009466796598761661,0.008361541684915808
0.07,0.002741160959032882,0.01202665893210978,0.0082897564002754
0.05792963768047943,0.02024989536717696,0.003065280344448808,0.008480568913666817
0.05431437320149057,0.025,1.295937334398374E-4,0.008502629687956445
0.031160245834101992,0.019324875749964863,0.004782892436695548,0.00829327557626617
0.034876005474323304,0.025,4.4063651516918975E-4,0.008376619942709575
0.046613734240237834,0.025,-0.003968674714161895,0.008454897674652634
0.0454994058167219,0.01974993024478464,-0.0014453921521799173,0.00837074499185574
0.046888420607676604,0.025,0.004741652193857034,0.008468653264788451
0.04065176112419218,0.025,3.6382288659806555E-4,0.00840750462477593
0.038583875524542274,0.025,-0.005805023251509443,0.008427077616569386
0.04238488360159108,0.025,-0.011659722910839436,0.008525040963512207
0.050732328598118014,0.015995778056394443,0.008745325401120788,0.008338303648741687
0.04033303311595086,0.01679159024601958,0.005575354422265261,0.008292889933409278
0.049266069878770524,0.02055589697441705,-0.008361387316752598,0.008429256576299823
0.05366618906725401,0.025,-0.007007211598684877,0.008552447682636471
0.06117471360124602,0.025,-0.005464901396827591,0.008594807789458153
0.0491347250009917,0.024999999999999998,-0.012346304638933814,0.0085946818055771
0.07,0.007999441958277115,7.914277013411249E-4,0.008439699876395314
0.07,0.025,-0.009364608241620014,0.008738433619950144
0.07,0.0169802987908996,-0.0050404500467510875,0.00855169871456858
0.06396937489670976,0.025,-0.01416809225520848,0.008741092178211545
0.07,-0.025,5.272383931258814E-6,0.008665303509869863
0.05691693622838434,-0.025,0.008750155789417175,0.00859060854355927
0.04873880394431854,-0.025,0.010042642844643611,0.00855192241647073
0.04960062766834305,-0.016177626143445627,0.004586803127204462,0.008345158857578892
0.05363845876451345,-0.025,0.0012419467796773616,0.008495579800633717
0.05372396575360319,-0.02039830031522982,-0.004891948876107083,0.008447548902682636
0.047852590182555416,-0.025,-0.006167313583877766,0.008483261461867998
0.04010523428529669,-0.025,0.006994915315944145,0.008451432224197973
0.03515937892398492,-0.025,0.012609185311807616,0.008516119387859549
0.03472525231400601,-0.015582609443235718,0.013099022338713623,0.008198938428351423
0.031516601594435284,-0.025,0.01873764828064039,0.008572184718940742
0.03620381432291793,-0.024999999999999998,1.7485658775813828E-4,0.008382342349393288
0.039920894884037064,-0.017174891772229757,5.47689369024505E-4,0.008300247936336401
0.03362416430493465,-0.017174891772229757,0.0031371171245933643,0.008269336052388023
0.024646557625434506,-0.025,0.018640000643949675,0.00855398103802426
0.027238778801199865,-0.01892157712792829,0.02072196268137855,0.008193967781698085
0.028000000000000032,-0.025000000000000005,0.025000000000000005,0.008523711000186599
0.017559586868300975,-0.025,0.018802950157628583,0.008533966056077326
0.021000000000000043,-0.025,0.025,0.008499571832686974
0.02232883063149676,-0.019111795288542302,0.017132368723544324,0.008238426982069204
0.00366494252117007,0.025,0.006599644020051372,0.008339626931380625
2.5764354705169745E-4,0.025,0.012499409542078857,0.008432506327829463
0.003147648929525337,0.0173771496208183,0.008904196055602994,0.008193572872689065
-0.0026731588499225856,0.025,0.006381801564865631,0.008342213707019375
0.010480462834102047,0.025,0.01879598707676823,0.008524797609931113
0.009892912875360944,0.01736001470459635,0.012292556733350533,0.008188425879817562
0.0035343146226392563,0.025,0.01876568561415419,0.008532484818396024
0.004039941177790101,0.019798800975869595,0.01492557222915017,0.008257280590523873
0.017378766597041833,0.017394284537040252,0.014143105176155073,0.008197380270980364
0.01762880920149434,0.017538889738376653,0.025,0.007970556074109686
0.014,0.025000000000000005,0.025000000000000005,0.008484730472955955
0.009889520576509516,0.017257205207264648,0.025,0.007948304259034047
0.006999999999999993,0.025,0.025,0.00848013435830617
0.030751791363065,0.01722214353777224,0.025,0.007976712737214963
0.0329310992149881,0.010946928022670374,0.025,0.007730120392267379
0.040054228862709866,0.009357517388418439,0.013032884138542318,0.008091459185562668
0.03772558405328417,0.005283885464117566,0.025,0.007603784728807143
0.028720703987111185,0.001025231324532733,0.012675640987241528,0.007970331548450631
0.046378668394247174,-0.016963965902697484,0.025,0.008050982784222274
0.042451892906166355,-0.013851701817753713,0.01723137290313912,0.008126867713167165
0.03500000000000003,-0.025000000000000005,0.025000000000000005,0.00854979142459742
0.038177742211617294,-0.017604616592655116,0.025,0.008029221528535921
0.04806599550735582,0.0023629488170324037,0.025,0.0076157552895662235
0.04127393398166139,-0.002910650536920753,0.014168622555235256,0.007984910439308754
0.05457623658855943,0.006991556112788888,0.012748998608384538,0.00815277761281639
0.06141108650801658,-0.002058354300562115,0.025,0.007707851907193544
0.03161179365210899,-0.01947347026705929,0.025000000000000005,0.008128368678792833
0.0331748416219489,-0.014671992285124846,0.019542450283942806,0.00804542194627269
0.02484325051925664,-0.01722998769670782,0.025000000000000005,0.00795825564257525
0.03194689290365843,-0.01097873595518916,0.025,0.007699545288254186
0.028171941032280504,-0.011739367977594579,0.014084900567885613,0.008060604946626242
0.04351758946158735,-0.008861317356368338,0.025,0.0076930867800969385
0.0379566976934622,-0.002247750390644572,0.025,0.007552577485220798
0.02831879863767466,0.013012615662266367,0.012561399100153543,0.00811871891798513
0.023926594856312693,0.010867860427915883,0.025,0.007689300920246765
0.02887604292003008,0.001247161012401292,0.025,0.007484752551394362
-0.006894929437268257,0.025,0.012280344171276013,0.00843007841586056
-0.002323541979628976,0.01797410653358305,0.012785943201405693,0.008200734186932004
-0.021009333856553805,0.025,0.012188889511380398,0.008454878413590052
-0.02458342929835141,0.025,0.0060359219057654415,0.00837119426021841
-0.017231873905081525,0.025,0.005808016353991936,0.008352626140268386
-0.02104012475991392,0.01828694081488175,0.008388850786980408,0.008242674656464279
-0.01396489708726683,0.025,0.012280423024491394,0.008437251412974914
0.0017381641472912907,0.025,-5.303749564687203E-4,0.008294956234291863
-0.02041387398669285,0.025,2.043178748882893E-5,0.008322624061362678
0.007503058458348005,0.025,0.0019415679534195707,0.0083032417473334
0.008051615857253724,0.025,-0.00479873288999922,0.008321449461267937
0.007863932148967474,0.017385888494557498,0.003315167142447151,0.008201975993889814
0.01258021536840961,0.017394627368296695,-0.0022738617707086916,0.008205707853899331
0.016238174244767464,0.025,-0.005662811309979242,0.008346627360807032
-0.027218649458411726,0.021063260318098832,7.365160729747722E-4,0.00829755621132658
-0.028159082982720934,0.025,-2.805095992215838E-4,0.008343978078497656
-0.024488187806010128,0.025,-0.006278393083190614,0.00837430292411494
-0.010623413192747812,0.017930432792817416,0.0059548796373321815,0.008215273807642087
-0.009995368996371864,0.025,0.006299728923652638,0.00834163375515428
-0.01183979613534122,0.025,-8.688619786362262E-4,0.008301234762466199
-0.006157788641099206,0.025,0.0014566815740942804,0.008299139693736048
-0.0022573828833191137,0.01909139357108027,0.004688908923131894,0.008225629705247898
0.023818636758891062,0.025,-0.005726381302397311,0.008368608280029083
0.031298967990351076,0.025,-0.005905291965874627,0.008400792891208509
0.030382441339380978,0.018750000000000003,-0.0027913451710957584,0.008280533557739382
0.013054158800739204,0.025,-0.011587093342074258,0.008419526321064375
0.01868436623325363,0.01739497019955314,-0.010507819656074599,0.00821054234287567
0.02052024744760377,0.025,-0.01198537534020884,0.008448424156434816
0.027937318201278094,0.025,-0.012177857583158216,0.008475969820240271
0.026122685890242203,0.016819685847777557,-0.008183506992087612,0.008226713655261087
0.05588226793365164,-0.025,-0.008722254722562587,0.008593408963771173
0.06242428955287579,-0.025,-0.0042807347280788485,0.008594020927708756
0.050067274519129554,-0.025,-0.013356235196992585,0.008604470077607859
0.06020708174878614,-0.016390371129964183,-5.140897762523513E-4,0.008445220688450626
0.07,-0.007375317539958426,-0.0029387968369476505,0.00842442836020665
0.05398973993240755,-0.006660608864146963,0.0074457313977743895,0.008230056233867876
0.07,-0.016654633523810768,-0.00418313114774424,0.008551470414204189
0.07,-0.025000000000000005,-0.009624382241695803,0.008752557938977803
0.059844334788435316,0.015499790734353919,-0.002410094468886245,0.008427375685183251
0.05920651250367798,0.0054334676030740525,6.880324327287158E-4,0.008308408266516515
0.07,-0.0026862630114078204,-0.011316399346137419,0.008307858730628124
0.04016030918896931,0.011862732621228096,-0.0028472953220620794,0.008221589661896634
0.03742006174071475,0.01843136631061405,-0.007583218350463907,0.00831180205003011
0.0346798142924602,0.025,-0.012319141378865736,0.008505471701199918
0.037993116379507794,0.0211644842502499,-0.015484233943251527,0.008391100824166987
0.03840419468965499,0.025,-0.01842934444531146,0.008619312784270753
0.04527039961016757,0.025,-0.018798464393239924,0.008640020344158447
0.044569855012637445,0.016244401496001978,-0.012298653015274637,0.008275752639577002
0.039714670685192494,-0.025,-0.006474087614575977,0.008440934252023703
0.03549786977398428,-0.01648006467805454,-0.007855100062624238,0.008259500045956318
0.03985847040665131,-0.021375034877607682,-0.01099581479726357,0.00840487494250839
0.04317877191377606,-0.025,-0.01264701399165611,0.00855348772312564
0.03557588389015828,-0.025000000000000005,-0.012630868404977326,0.008508673236448282
0.04414105692314435,-0.01775006975521536,-0.009360761189549814,0.008331945165093457
0.05380947274269294,-0.015796600630459633,-0.011025844531891526,0.008342818216264668
0.05191840551730322,0.0161117939488341,-0.012754099919343303,0.008327542629906011
0.05700728333041163,0.025,-0.012861545999602535,0.008658818266068987
0.041306418466555396,0.017328968500499798,-0.01864932650763732,0.008208101175710924
0.04803925480287423,0.017764622949196802,-0.018877049959671655,0.008273917042476703
0.05249602670577168,0.025,-0.018868586390486275,0.008701988662467032
0.05926695602196901,0.015979186401666224,-0.01320954682341197,0.008387378971639195
0.07,0.01759764241400498,-0.016400730224791674,0.008512290722208948
0.07,0.025000000000000005,-0.01765702147423383,0.008845197738084414
0.062167775824151075,0.020489593200833114,-0.01672444725462301,0.008542503711382897
0.05937779472279773,0.025,-0.0195927621076701,0.008759803303968432
0.05588149136387035,0.020489593200833114,-0.016039066606949124,0.008499097924765994
0.056001294934761,0.025,-0.025,0.008677130537345404
0.07,0.021497147219116716,-0.02114902197691847,0.008632380651355093
0.06506859562633313,0.025,-0.020239347685834054,0.008819536411094273
0.07,0.025,-0.025,0.008799780878335307
0.049001942402141466,0.025,-0.025,0.008617229829585921
0.04416010408844524,0.019417451949559503,-0.025,0.008175632997878227
0.07,0.006340005847891806,-0.01584454116069533,0.008235152410264136
0.061217457022099644,-0.019356872965479957,-0.013644241504444038,0.00850352719164673
0.06313779385617233,-0.025,-0.013276428891955308,0.008729786812826486
0.05568148749679843,-0.025000000000000005,-0.015269896571623573,0.008681447152654594
0.05907753116451007,-0.025,-0.020045209126654563,0.008752625343091966
0.06479887645496385,-0.025,-0.020585153549514235,0.00880586966496082
0.07,-0.012595854291443623,-0.014839381038863411,0.008378987187609791
0.07,-0.025,-0.017895595386335776,0.008854676256068787
0.07,-0.019522064412162185,-0.0183085276846476,0.008568322679350083
0.07,-0.025,-0.025,0.008803459253093698
-0.017234442614523827,0.025,-0.0063234594053039,0.008354456860328874
-0.019840293946347343,0.014142197242129825,-0.001405445262982951,0.008168929360759967
0.03206259790717955,-0.024999999999999998,-0.0064061439278796095,0.008401643342638479
0.029088275182093684,-0.019745016169513636,-0.007397969587361726,0.00829406815569921
0.02823019789422926,-0.025,0.01230603868369709,0.00848986885040618
0.0323452354694385,-0.025,0.006160917601383858,0.008410974485491496
0.0264550477257936,-0.01836968398879729,0.010109968053615515,0.008262020182334122
0.04493869662764331,-0.025,9.820620902461392E-4,0.008434555773508412
0.02842814350672184,-0.025,-3.1953844982666665E-4,0.008345727448290013
0.028229120896743936,-0.025,-0.012453289711296944,0.008478513452179363
0.03163932668842352,-0.025,-0.018718151135541643,0.008584345240751166
0.024606168167218386,-0.025,-0.01874572222307553,0.00856652680926794
0.029832906822970576,-0.01935450506517106,-0.014785672983316598,0.008289390982048573
0.009995368937796876,-0.025,0.00629972888840933,0.008339906938050359
0.006894929225124163,-0.025,0.012280343343277898,0.00842866571781466
0.01386299913492527,-0.020253013012330394,0.009488781882170325,0.008273751675403626
0.005341379585956699,-0.019466187737112478,0.00961780602628237,0.008243316021146196
0.013964903954841876,-0.025,0.012280415121217365,0.00844879430846966
0.021002268355628684,-0.025,0.01218978510913312,0.008448903880495821
0.01856757282224259,-0.017332446487157996,0.012389684166691228,0.00819591195114793
0.0247381544193067,-0.025,0.0061350355393454195,0.00836854986242348
0.020072237726517006,-0.020045360244869963,0.006276205515313598,0.008272114373330489
0.02495135747609193,-0.01924750808475682,-0.001454521483711851,0.00826377910823171
0.017231890379277776,-0.025,0.005808052104104823,0.008346705801016579
0.014893649553084488,-0.01850232139085602,0.0012598042417859589,0.00822734481327264
0.020414269453459744,-0.025,2.0498574484068693E-5,0.008319288997303382
0.01043501334356696,-0.025,0.01872261068218356,0.008530803798969543
0.014000000000000035,-0.025,0.025,0.008494482692195292
0.013997200488354648,-0.019244548406493887,0.018143028753807976,0.008217476004054937
0.02193043992370508,-0.009601436009311959,0.025,0.007634014910518905
0.015508002569228243,-0.01074712286119281,0.017242962341376136,0.007934258046428696
0.017317023740091322,-0.01759903828928295,0.025000000000000005,0.007964635114666873
0.006003582262863509,-0.0205891050122919,0.017141030747000595,0.008288161123178768
0.003449541767020281,-0.025,0.018711083154216983,0.008527023368336498
0.007000000000000046,-0.025,0.025,0.008490453592871467
0.010643146279657954,-0.01951514072297427,0.025,0.008072110984173798
-1.452830911130576E-17,0.02500000000000001,0.02500000000000001,0.008482291288125656
0.0032091997044060537,0.019406634829397876,0.025000000000000005,0.008066252894060662
-0.0011818860262012832,0.019798800975869595,0.01799928909561925,0.008235083140608342
-0.0034496512088449255,0.025,0.018711083600430188,0.008524788683490533
0.0010858791564423596,0.014597601951739187,0.017287494590808316,0.008034991443916948
-0.007405455676463288,0.019252565438866134,0.017632615804319865,0.008218004709447585
-0.010435010526213536,0.025,0.018722608698476653,0.00853620805512967
-0.007000000000000009,0.025000000000000005,0.025000000000000005,0.008481670779108464
-0.017559686351926316,0.025,0.018802966211628136,0.008538886855108096
-0.015174728863823723,0.01883473541368607,0.015578709211501417,0.008222061682936845
0.017578056390768187,3.060463303407729E-4,0.025,0.007500038011200689
0.017369144740227514,0.0097885690740805,0.009532282669104037,0.008064349221477024
0.018811860613649808,-0.0060051982155804,0.011183329030462876,0.007985639163745882
0.012952551328331573,0.009052684536279339,0.025,0.007601094650064678
0.009436615490031617,0.009720029409192699,0.018075114866867914,0.007885799981755983
0.002992000251335652,0.010869092147308398,0.025,0.007631194850036298
0.006875153676047897,1.4270635726255226E-4,0.025,0.007469370498651202
0.009834628462013684,0.001851341037772614,0.009409442675446685,0.007976467175241416
-0.005494181096035467,0.002799835329373636,0.014224743787698266,0.007879279251612583
-0.021997777693734576,0.018981486049022354,0.016733605122647315,0.008237255985810347
-0.024653648633156694,0.025,0.018660999459207274,0.008557076270380855
-0.028201862420123135,0.025,0.012331122287575701,0.008485725052547795
-0.02930690415628107,0.01995170584275157,0.01633364481371908,0.008309029290643978
-0.031516633062888065,0.025000000000000005,0.018736178832292366,0.008578296204868831
-0.021000000000000008,0.025,0.025,0.008506817832576556
-0.029080957745488568,0.02003803714877766,0.00968346416118635,0.008310541878081305
-0.03515914455206556,0.025,0.012609885661947734,0.00850794004442371
-0.03410444482725238,0.01730784158134566,0.015620324183387865,0.008223278000425627
-0.03838908037313521,0.025,0.018880914166399802,0.008600362031460446
-0.0411752797578793,0.025,0.013690783970237725,0.008549910924825547
-0.03218680854250276,0.025,0.006201392361271173,0.008397658818336826
-0.035763253842712214,0.025,-8.839462639245212E-5,0.00837816136759744
-0.031890070427745866,0.025,-0.006404766299615406,0.008403374408403653
-0.03181886044604602,0.01870125400019881,-6.753802272825626E-4,0.008280588049225912
-0.03932695169004814,0.025,-0.006518000854701535,0.008432739895099987
-0.0020078061272072534,0.018266150255135644,-0.0026108238512945383,0.008210433018541874
-0.005516489504965465,0.025,-0.005493001966072008,0.008327590214452596
0.002203988340927568,0.025,-0.00727520650025365,0.008352433137301711
-0.012102594192433497,0.01967933979069607,-0.00560458219795823,0.00824645383471296
-0.011383185937974691,0.025,-0.007724774760517817,0.008366829366340972
-0.014262549868051668,0.025,-0.012297270032820731,0.008438161852358229
0.007713780166366859,0.013685268279627303,-0.0073415942413871515,0.008121297182157598
0.0061986815318912925,0.025,-0.012150837173519308,0.008435633553394117
-0.028213584192542426,0.025,-0.012459313644919912,0.008483998015239141
-0.021036232427831456,0.024999999999999998,-0.012289712171347857,0.008452739182436947
-0.026311685874795224,0.014539484472794828,-0.009508433836767307,0.008169059152264086
-0.017948262632602862,0.017246821004337654,-0.011163734279717919,0.008202680436330212
-0.017726385402757353,0.025,-0.01883970484244768,0.008527540173983593
-0.006317368176711519,0.018162860315661944,-0.00903058898496009,0.008216644686955656
-0.007590584359860875,0.025,-0.012410759559451374,0.008442662614391232
-0.0010339804185166765,0.025,-0.012149263102252898,0.008429307853701008
0.042002589869521954,0.024999999999999998,-0.024999999999999998,0.008582311933121867
0.03160757672438529,0.01868448105534163,-0.015401679139482975,0.008271779332275065
0.03121249898912955,0.025,-0.018730409352687237,0.008595917196232263
0.02434465474500236,0.025,-0.018643570211240724,0.008556383162364161
0.02421390365975595,0.01976148303850162,-0.014596494784564198,0.008284734322201177
0.017159417424597603,0.025,-0.018413193917730428,0.008533468211612341
0.012126222515183227,0.021070950218386408,-0.01910740473055847,0.0082975688972381
0.010050658586261974,0.025,-0.01883306571872031,0.008522878796040098
0.03804298192047334,0.018413535504997622,-0.025,0.008093680041784193
0.03500323733690246,0.025,-0.025,0.008544588056364273
0.014005179739043914,0.025000000000000005,-0.025000000000000005,0.008493620069271839
0.007005827206424397,0.024999999999999998,-0.024999999999999998,0.008473537774264331
0.010962379469950741,0.014870536559254606,-0.01460323108677301,0.008096136760529588
0.05250603386716811,-0.019320207763629495,-0.01647766009777592,0.008407697025358858
0.05256394980966819,-0.025,-0.019509354122769426,0.008716344720027244
0.0461006655404223,-0.025,-0.0190906005788795,0.008658273645094859
0.03892188529650763,-0.025,-0.018840550064693304,0.008615148191856822
0.043881109346374625,-0.019530031191688772,-0.01731392738630063,0.008350419843849476
0.035179289022852424,-0.01935450506517106,-0.017979303160014774,0.008287499093528532
0.07,-0.006631225294565717,-0.025,0.007873019353625933
0.05869696934082372,-0.00589822722917365,-0.012977159796799984,0.008180167299014007
0.052067362079331825,0.015468620075737502,-0.025,0.008005260087008498
0.04210976925351727,0.011587750836301862,-0.025,0.007776640555122648
0.03527783524749249,0.01236896211068326,-0.01862550069580773,0.008009016061322394
0.04833715320037277,0.009273061819817156,-0.01862550069580773,0.008001727761522791
0.07,0.006640463638015854,-0.025,0.007827176118200092
0.06210116234320732,0.00991702462752634,-0.025,0.007875987351185736
0.06999999999999999,0.017216035979716836,-0.025,0.008233175881700059
0.06290186924791746,0.01862593254053886,-0.025,0.008273673533481565
0.06300064746738049,0.025,-0.025,0.0087425544588986
0.004049128175708808,-0.025,-0.018782873986740604,0.008528649113746614
0.0075905786331592826,-0.025,-0.012410759474534426,0.008430276780048268
0.011267093683185765,-0.018464237547573176,-0.015362146965318995,0.008210666103602571
-3.7684797181319505E-4,-0.018900562400629227,-0.015711916783917933,0.008220056417050068
0.017735508235656786,-0.025,-0.018838350735935268,0.00853856145128621
0.014262507994319024,-0.025,-0.012297272335499189,0.008440229366632702
0.021461646652230593,-0.018341648420323396,-0.018114864481266865,0.00819117644694542
0.011383174887877545,-0.025,-0.007724753595694592,0.008361952303216654
0.010937708493232275,-0.025,-0.01880828030923208,0.008543351971773892
0.010500722280265528,-0.019720836349033734,-0.0050619800851397076,0.008241305926949835
0.020991582923946938,-0.025,-0.025,0.008500195107385637
0.02483572721442344,-0.017241098100005608,-0.02500000000000001,0.007962646398010524
0.013992230391335644,-0.025,-0.025,0.008485952762818109
0.01730886026233152,-0.017600282958312903,-0.025000000000000005,0.00796971741388409
0.03499028798916955,-0.025000000000000005,-0.025000000000000005,0.008551611177034265
0.02799093545655824,-0.025,-0.025,0.008524995793101424
0.03159231663561836,-0.019457890904575163,-0.025,0.008132485763026304
0.03143669274919721,-0.013709010130342121,-0.01711805625533625,0.008073305948335286
0.041990198834116935,-0.025000000000000005,-0.025000000000000005,0.008583788326809809
0.07000000000000002,-0.017211392109367535,-0.025,0.00824190184388825
0.06298414982747386,-0.019648314517658375,-0.024999999999999998,0.008333561308282014
0.06299602578859745,-0.024999999999999994,-0.024999999999999994,0.008741223810789232
0.05599306762209322,-0.025000000000000005,-0.025000000000000005,0.008670973610722492
0.05391679078913596,-0.017595389694830772,-0.025,0.008128742669546317
0.048991125353030976,-0.024999999999999998,-0.024999999999999998,0.008616591594643872
0.05657261310117858,-0.015683371487413875,-0.019102114468284075,0.00824468893588521
0.06100983510392598,-0.0019725385076943686,-0.025,0.007689820851699095
0.049003882613899416,-0.013431875994395328,-0.01685099635579079,0.00816498261985814
0.05209447827415074,-0.008782204820969967,-0.025,0.007751389958000103
0.062419213751825554,-0.012003835268464394,-0.025,0.007952106331311479
0.0010339826014808262,-0.025,-0.012149263247543578,0.008425411547436833
-0.0029468727535213873,-0.025,-0.018699115646038558,0.008529066598746906
5.5294310796760726E-17,-0.02500000000000001,0.02500000000000001,0.008468038397100048
-0.0035340280803233537,-0.025,0.018765640209479205,0.008521945262481335
-0.003519508228696823,-0.01750489876898198,0.025,0.007959697961926904
0.0012145831657347985,-0.016005922687017067,0.015767270328048248,0.008107592842307273
-0.006999999999999951,-0.025,0.025,0.008478772984966203
0.003192507092731534,-0.01925811896386948,-0.006016925671601663,0.008233779558348699
0.005516485586857987,-0.025,-0.00549299472625713,0.008327115062602907
0.006157796636798579,-0.025,0.001456676983142613,0.00829767601768854
0.007578107244042673,-0.01824446101990232,0.004217204521293463,0.00821530791774588
0.011839784947021443,-0.025,-8.688387914635824E-4,0.0083019229577173
-0.006198681369215281,-0.025,-0.012150837279692938,0.008438839179912262
-2.57493433545794E-4,-0.025,0.012499321473976659,0.008433939730514747
-0.004476122923675169,-0.017669162387641893,0.013414850438482812,0.008186425383630357
-0.007375113365609528,-0.021244300508698286,0.01606252549828506,0.008317505140620601
0.00267316088230881,-0.025,0.006381802224585698,0.00833595241306338
-0.0019759234820292833,-0.02086765447433396,0.005630513239184328,0.008259153150751465
-0.002203987200973867,-0.025,-0.007275204436544608,0.008351767267488742
-0.0038871812316543185,-0.014986286304648105,-0.00701769717851085,0.008146157435798867
0.021057424855649733,-0.025,-0.012288796080509447,0.008453075058300692
0.021463459387275244,-0.015813886494767695,-0.00855503603703434,0.008190014081108055
0.01723445802794376,-0.025,-0.006323429130164109,0.00835003057801116
0.024488215173516334,-0.025,-0.006278317923768784,0.008373758928311728
0.010867980879708965,-0.010845723703678,0.025,0.0076573446658142605
0.0027375150365392727,-0.006607525454460601,0.015050399905043671,0.007901424880422179
-0.00837446106100853,-0.015051441394700327,0.017319535897031457,0.008056748031399904
6.544691332336129E-4,-0.009599718682995681,0.025000000000000005,0.007607231666063193
0.0037142492259314708,-0.017144989123248106,0.025,0.007923923213810004
-0.010480584264444408,-0.025,0.018794721713588772,0.008526643327304378
-0.017398985521649327,-0.025,0.018738514423386955,0.008539158150359999
-0.010395364408657199,-0.019498323766426455,0.025,0.008084185926982386
-0.015167196261520485,-0.014902544547403451,0.017319535897031457,0.008051028612388548
-0.013999999999999955,-0.025,0.025,0.008488013743175002
-0.020999999999999963,-0.025,0.025,0.008503903040405858
-0.017104978629720734,-0.017207105074388232,0.025,0.007938331340440674
-0.019813000502984148,-0.019951272273701724,0.018055897386204497,0.008260865271909038
-0.019846062585265625,-0.009459659966659657,0.025,0.007627589525398266
-0.0033935908625729247,6.041563930248017E-6,0.025,0.007460559199239875
-0.006934321078521998,-0.006125803032663345,0.015772139842364863,0.007874886862523654
-0.003499836317330262,0.017587492050032086,0.025,0.007952057306031546
-0.017614883506322208,0.019261790145254108,0.025,0.008073975534891815
-0.014000000000000012,0.025,0.025,0.008488654931283585
-0.00783289521665023,0.009545065021172543,0.025000000000000005,0.007604628094716429
-0.010596776572219548,0.017180328947933178,0.025000000000000005,0.007933396699883391
-0.010661435004804405,0.011910821615685708,0.016899455096433768,0.007965047624943914
-0.010222050922105819,-0.010495656203619419,0.025,0.0076285406244443596
-0.02139973031772822,-0.00800925803364769,0.014382829990297673,0.0079633637811784
-0.029293971388010577,-0.009191525406609176,0.025000000000000005,0.007650671442371372
-0.02750026983743496,-0.015305766875950038,0.015501510612584585,0.008135757755580135
-0.030681931439341725,-0.018111533751900076,0.025,0.00804875788539318
-0.0367957870099527,-0.016501985675578076,0.01718578250879628,0.008187976177817512
-0.0237150677937709,-0.017178692852988495,0.025000000000000005,0.007952559295090441
-0.013663251829084136,-4.390020123752128E-4,0.025000000000000005,0.007479687010626177
-0.01773051575441969,0.01061087597379775,0.025,0.007641342623157483
-0.02161169550629674,0.01224850166666337,0.016556707924159187,0.00800450314739555
-0.016397898635019666,7.989222098561366E-4,0.012779461865796963,0.007918661938350403
-0.02254770707705715,-3.919360816746903E-4,0.025,0.007496447098683132
-0.028057767297965306,0.004681276670832565,0.020240922753391004,0.007764466046227442
-0.02979877222195472,-0.0034833628476729664,0.014358448571457528,0.0079367407120083
-0.02849757170159233,0.008167705408649084,0.025,0.007603207009015197
-0.03311844122726062,0.010233637888330498,0.018276614684949767,0.007951608006028973
-0.04076799159062932,0.006959482326971522,0.025,0.007633999207755692
-0.030884713914901323,3.097272982720417E-4,0.025,0.007523218023782393
-0.03461367676050871,0.005110339120301343,0.012568429074096304,0.008018674155215415
-0.03185498076005783,0.015751625161896876,0.025,0.007913440992998188
-0.03932179993400822,0.018720572429904644,0.025,0.008109199225414847
-0.02424043257859083,0.017306823371006277,0.025000000000000005,0.007969906171362959
-0.02709717524967407,0.014903411685503139,0.013931110795145796,0.008142439297106785
-0.03500000000000002,0.025000000000000005,0.025000000000000005,0.008547944766106088
-0.02800000000000001,0.025000000000000005,0.025000000000000005,0.008527428303809873
-0.056,0.025,0.025,0.00867116972409895
-0.05936979534902487,0.025,0.019831108219456155,0.008764214061203795
-0.05153500660058219,0.025,0.018666316412388487,0.00869459422425732
-0.05428171765158057,0.018192482773984983,0.024999999999999994,0.008168318947734308
-0.049,0.025,0.025,0.008621839259628164
-0.04200000000000001,0.025000000000000005,0.025000000000000005,0.008582961388919355
-0.04541577784857183,0.025,0.018476059246141298,0.008651088598765046
-0.046950979676673776,0.01706843951558895,0.025,0.008054195431228737
-0.055918682898969785,0.025,0.014145391364358696,0.00867865589019633
-0.059100350735868494,0.01612158904477049,0.017626608096738775,0.0083149324200402
-0.06334557122873344,0.025,0.013197519533047056,0.008733446088440296
-0.06469814230426005,0.025,0.020562061283062212,0.008801595229486776
-0.05691669272389569,0.025,0.008751558366010725,0.008615974192660688
-0.040104073336384286,0.025,0.006994633393596218,0.008459223931866967
-0.036621150187316,0.014055143107476159,0.008750192075439164,0.008208676248457161
-0.04328838245387468,0.01561028621495232,0.01463816256058674,0.008235272382534225
-0.048739304095407665,0.025,0.010042902200458205,0.008545359474510723
-0.05119436659487159,0.015865937629861406,0.016132385328662756,0.008278919044567958
-0.04050793069637621,0.01888079771957262,0.001437972070340776,0.008328074011989027
-0.04493994776122569,0.025,9.788937458678655E-4,0.008433932431955574
-0.04477649399182785,0.018830829047675354,-0.006308594412141392,0.008356986154557227
-0.047865079520416805,0.025,-0.006170650119301626,0.00848832905806875
-0.042784861080033466,0.025000000000000005,-0.012689034777111433,0.008546623711443315
-0.03543271215240558,0.025,-0.012626505068114025,0.00850761033061701
-0.03807343637627911,0.020196735218278694,-0.009850541892291375,0.00835692202416795
-0.03358705877333195,0.016466195236723238,-0.008918432028073586,0.008241883906414697
-0.03160696977839069,0.025000000000000005,-0.018678390234688966,0.008577615044988312
-0.02909121898455325,0.015512634399176713,-0.016641703087469983,0.008116161846842362
-0.024589777002334876,0.025,-0.018721778421240953,0.008547975943471649
-0.004049129005500224,0.025,-0.01878287391350094,0.008539255765852367
-0.005504465635621045,0.01815428548265525,-0.018699392757158567,0.008150708145971358
0.0029468729378195196,0.025,-0.01869911791327248,0.008512769556921628
-0.010938114871134639,0.025,-0.018808499079804107,0.008537855990265084
0.0014342698216676696,0.01521810704150597,-0.012191330187575842,0.008117702457323588
0.007093027605768851,0.017141900436772814,-0.019801615543386508,0.008075543629825245
-0.00699287785881461,0.024999999999999998,-0.024999999999999998,0.008478205437219733
-0.03869444902172672,0.025,-0.018763740226150835,0.008610501049294188
-0.03517674792104334,0.0202125060035832,-0.01717932947915863,0.008338619838593112
-0.03499028798929267,0.025000000000000005,-0.025000000000000005,0.008549605569949171
-0.027990935456673156,0.02500000000000001,-0.02500000000000001,0.008509779580881305
-0.01061117606689677,0.01815428548265525,-0.015456590816818461,0.00819698922452387
-0.0219587520457998,0.016900771711338032,-0.017254216918383653,0.008144180956506184
-0.020991582924053634,0.025,-0.025,0.008500823186857945
-0.024256169654785952,0.017278389665197437,-0.025000000000000005,0.007955843385034819
-0.01399223039143413,0.025,-0.025,0.008489925935300343
-0.017605818216804375,0.019262058949881235,-0.025,0.00807524596329731
-0.010050659295025605,-0.025,-0.018833065745768422,0.008522634244092817
-0.007938880116879325,-0.01602642539408325,-0.018550624929070784,0.008059638187156557
-0.014094821288492427,-0.01784525527964361,-0.016734144397785426,0.008177618394064619
0.028003884804282952,0.025,-0.025,0.008522445380422985
0.03055068547070179,0.017249121229362563,-0.025000000000000005,0.00798018785122561
0.03298205809731716,0.010977885004869362,-0.025,0.007697559722495456
0.02413249321756414,0.019255991754900205,-0.025,0.008104671766880707
0.021004532271663427,0.024999999999999994,-0.024999999999999994,0.008502104222251786
0.020490489118233812,0.014522966077003242,-0.01701513198597018,0.008058299430377829
0.023894378406781432,0.01133591241577829,-0.025,0.007687401240159725
0.027522398808633913,-5.892520894257439E-5,-0.01387934446855708,0.007927028192955047
0.00989472938446194,0.01725789299902014,-0.024999999999999998,0.007926488813101793
0.017611567016649902,0.01760917975115804,-0.025,0.007969475519525204
6.474673804893194E-6,0.025,-0.025,0.008476688202501382
0.0032236757415869607,0.019413264314291023,-0.025,0.008064674744670309
-0.0034929782227612546,0.01758867652250825,-0.025,0.007937460127815207
-0.010589462642927785,0.017180927847609037,-0.025,0.007928114204511684
-0.006959802265741869,0.01130857096531049,-0.01861591160081619,0.007908722338833742
-0.0035256943450967465,-0.017505445112871273,-0.025000000000000005,0.007940280033366994
6.489580040917771E-4,-0.009597867791701034,-0.025,0.007614330147582406
0.0037069386016403173,-0.017146537833115157,-0.025,0.007933375944758136
0.006849277280253936,-0.012750308451961895,-0.015344255043478854,0.00801548035247523
0.006992877858724338,-0.024999999999999998,-0.024999999999999998,0.008480046415917165
0.010635880915380123,-0.019517708942494633,-0.025,0.008081040949556941
0.013057164841724467,0.00917508789593219,-0.025000000000000005,0.007610723581405547
0.016848485018903486,0.009789940399106278,-0.009030263971940362,0.008059054511283987
0.01774411547317671,4.967516621998749E-4,-0.025,0.007490810209324348
0.007064326952241775,8.04744061225056E-6,-0.012314769917766932,0.007908736476432284
0.021955056328572906,-0.009554314870771456,-0.025,0.007617058003113275
0.017092001910806287,-0.011288520604143228,-0.018498992866374218,0.00791764163493383
0.02661806259567449,-0.008757222113440268,-0.01711805625533625,0.007925630030542773
0.028852677414271076,0.0012945525638708155,-0.025,0.007490604488552243
0.04639101226887648,-0.01696900455386366,-0.025000000000000005,0.008052099313010111
0.03821976437214125,-0.017619985256324376,-0.025,0.008041962074531544
0.04166155315232695,-0.014060062383377548,-0.015537254193721758,0.008168302434090327
0.031907974095712714,-0.011005569754656871,-0.025,0.007692427266160428
0.04787550086600602,0.002285058883087117,-0.025,0.007606543403917884
0.054564537147228274,0.006958372803332448,-0.012251001391615461,0.008161969770825984
0.04392616226462518,-0.0026278247517627605,-0.012409055295628996,0.0080531624665068
0.03772610342252118,0.005219181288636354,-0.025,0.007606788008642294
0.04000498502428319,0.007488802992003959,-0.012251001391615461,0.008069887403215377
0.03797641573947617,-0.00219325846522829,-0.025,0.007578362049436976
0.04351807501416997,-0.008842514253175032,-0.025,0.007698050577095749
-6.474673886980092E-6,-0.025000000000000005,-0.025000000000000005,0.00847232389478926
-0.007005827206498269,-0.025,-0.025,0.008471121372192138
0.010861767683580558,-0.010840238403574884,-0.025,0.007647886605977002
-0.01715932792307037,-0.025,-0.01841323903302411,0.008550738571276017
-0.020516429714176842,-0.025,-0.011992835968743842,0.008447285095823676
-0.025117412309761222,-0.017997407741078254,-0.01582807191104563,0.008215717978598222
-0.024391502675753355,-0.025,-0.018507814747181994,0.008572934554989347
-0.02792038248254321,-0.025,-0.012185221916226677,0.00846917831516195
-0.024444848935967416,-0.01865371991699995,-0.004567090968861647,0.00825718098890254
-0.013054158265730694,-0.025,-0.011587093675592117,0.008421090989008877
-0.015282045129553726,-0.017501128386088634,-0.007226860671608864,0.008215553977573656
-0.016238481685733584,-0.025,-0.00566350688464386,0.008342009523641645
-0.02091618917204452,-0.025,0.012482991631026341,0.00845233413255863
-0.017072801532682376,-0.018798992010209337,0.011061031712544625,0.008240152515193907
-0.006993458338098474,-0.025,0.012563343714227238,0.008433552321670115
-0.0036649455954666094,-0.025,0.0065996445521091796,0.008348031249702757
-0.010020304529505393,-0.018826101787744798,0.010946331518981275,0.008233571941821033
-0.013861258086212979,-0.025,0.012502133033246217,0.008449451552302947
-0.010349259875137334,-0.025,0.006509966789758197,0.008344846859715085
-0.017272682193246167,-0.025,0.0064514804064794585,0.008354618949582206
-0.017569508481481665,-0.014699000701879275,0.002615069191967684,0.008172707843740698
-0.02260931405579029,-0.020978444468722296,0.004748169971041695,0.00828950327840931
-0.02439754912228677,-0.025,0.006411302749031055,0.008375825772499772
-0.026123752196041346,-0.01924521552389129,0.00955480144287543,0.008278042482945764
-0.02445880474444782,-0.025,0.01879225887537754,0.00855174628711971
-0.03516489030308968,-0.025,0.012673668494631354,0.00851551312507426
-0.031332580070262316,-0.02015288343797502,0.01408758955360797,0.008328708277518825
-0.03854190742876312,-0.025,0.018641091284928704,0.008605434177876166
-0.04342098762295118,-0.02006747113835177,0.015987495795141967,0.008378680226937869
-0.027939827323472503,-0.025,0.01243033034066593,0.008480008549525188
-0.0293818554346455,-0.022346020532673188,0.007795421897844046,0.008355794162424277
-0.03148839346390066,-0.025,0.018761602135331533,0.008582633914585793
-0.03499999999999996,-0.025,0.025,0.008537968168996811
-0.027999999999999955,-0.025,0.025,0.008522078089620478
-0.04553048793468546,-0.025,0.019076272212049813,0.008651349125781969
-0.042646827127866244,-0.025,0.012377410292293597,0.008537384882672095
-0.03516163800422246,-0.01846443137349856,0.009129292723442319,0.008297837054543193
-0.0387896868512813,-0.025,0.006528010388508809,0.008433621388933655
-0.04197182692507772,-0.019838753558530833,0.003950195298064625,0.008354542310909447
-0.03153167796045614,-0.025,0.0064236621842103225,0.008399487883141519
-0.03174836155909029,-0.01958529120905845,0.002148301987496891,0.008294710587273615
-0.031231246271696208,-0.025,-0.005714692773841732,0.008387922683634077
-0.03274706905219343,-0.01747078027206346,-0.007530849349467351,0.008266952987209872
-0.034761215942963344,-0.025,-0.012117799149591678,0.00849788797390729
-0.02378732774719394,-0.025,-0.005732895751521373,0.008363630254253874
-0.00173816979010262,-0.025,-5.30373551097094E-4,0.008294971231376881
-0.008051618129100806,-0.025,-0.004798731252085336,0.008325131503842441
-0.009655269410505537,-0.016472270909957305,7.267815207804619E-4,0.00818943896254674
-0.007503061356557039,-0.025,0.0019415691721067115,0.008302170636085269
-0.03862719707452039,-0.025,-0.005756484395738025,0.008431789454712584
-0.03833293139055839,-0.018443833454253374,-0.002685444935037042,0.008312012930641316
-0.034868108741525294,-0.025,4.2942404180221216E-4,0.008374260510283178
-0.040675708985759784,-0.025,3.647127498276441E-4,0.008402477805719637
-0.04378666136098282,-0.019745776784460423,-0.005782422207847208,0.008368588285813683
-0.05220770762258642,-0.025,0.019571259918328504,0.008718863363360817
-0.0533518645719868,-0.021212473016268975,0.0174809761019942,0.008488547253450841
-0.04947012259130465,-0.025,0.01306180875631173,0.008609102396746475
-0.051494248625480236,-0.018870195983182066,0.00947329518772106,0.008407003469568757
-0.055631315339924964,-0.025,0.015251614160405783,0.00867832563225818
-0.05601454622850377,-0.025,0.008540347934337146,0.008582551537070392
-0.058901790538000875,-0.025,0.019993328539867843,0.008762543975742582
-0.03860290089650562,-0.01512390664202759,0.025,0.007895613008522942
-0.0454672736866915,-0.0025240389758974056,0.01837743701047219,0.00788518238627796
-0.03746771842652945,-0.005281682419831117,0.025,0.007594472494222169
-0.04471260046661455,-0.01521942394074196,0.019647827955571993,0.008119987547497827
-0.03844566828634342,-0.01076012941825712,0.0123194678509748,0.008121109065922444
-0.04199999999999998,-0.025,0.025,0.008573988403108211
-0.06300894063636238,0.019626375855522835,0.024999999999999998,0.00832879374419825
-0.063,0.024999999999999994,0.024999999999999994,0.008744404956867513
-0.07,0.025,0.025,0.008803601210536735
-0.04837760570036411,0.007921945341494313,0.01319651829076556,0.008111381312014474
-0.0522232874145377,0.008563931375344093,0.025,0.007758206922078883
-0.055999999999999966,-0.024999999999999998,0.024999999999999998,0.008670842681184216
-0.05472652312508862,-0.017659215255036227,0.025000000000000005,0.008140828107992073
-0.04899999999999996,-0.024999999999999998,0.024999999999999998,0.00862204866481774
-0.05029415531230186,-0.014082216425612335,0.015577055083379828,0.008209030394043812
-0.04863193404228537,-0.006475607870444426,0.025,0.007656391283308095
-0.05329556155955961,1.7234417678008155E-5,0.011677996536038553,0.008119194056883182
-0.046509421110499015,-0.018955681174709187,0.025,0.00816164834739672
-0.06173341447342678,0.006628859650836606,0.014348444363315407,0.008184506121155082
-0.06116303204163248,4.67208936072612E-4,0.025,0.007721655614644037
-0.06226357280256681,0.011448870937967884,0.025,0.007911521994049858
-0.07000000000000002,0.01707034821214154,0.025000000000000005,0.008232147728585056
-0.07,0.02012717542871153,0.01931210395399182,0.008574490556575871
-0.07,0.025,0.01790186159849161,0.008854574414936166
-0.07,0.013024114833636906,0.01694201470568643,0.008334838439316547
-0.07,0.01979460246596384,0.014442911406508892,0.008605666645498543
-0.07,0.025,0.009634486570335055,0.008730488532661196
-0.058943040768206535,0.01880840111700908,0.00712129168961871,0.008467747395212435
-0.053638295042318554,0.025,0.0012432645402700726,0.008498273881999653
-0.06269432070103846,0.025,0.003989367185759866,0.008592026810749795
-0.07,0.014891195410243488,0.0063816752960006665,0.008520317662891819
-0.07,0.025000000000000005,5.2731075963936835E-6,0.008662534241114295
-0.04725496497374114,0.0125,0.004276325121173482,0.008270042605151951
-0.05576180398417793,0.01572501629961128,-0.0034272107647876997,0.00838938973647992
-0.06243001340481115,0.025000000000000005,-0.004280974919781265,0.008593930833532503
-0.055890174962267614,0.025,-0.008722411877101141,0.00857774466649718
-0.04996049202735531,0.025,-0.013333223505350225,0.008625748656636583
-0.05009952890290138,0.019756625780180018,-0.01021599423468454,0.008418846752091006
-0.05566735895020458,0.025000000000000005,-0.015277550721079291,0.008677114192807846
-0.04466754014382293,0.017884332628575507,-0.01615985197607258,0.008296962650387396
-0.04587961610834346,0.025,-0.01898892198495976,0.008665908360601741
-0.028549340588148765,0.008157937891179315,-0.025,0.007622953638276789
-0.031845702844373325,0.015748994174030792,-0.025,0.007905219309038846
-0.036545119176524865,0.013141311332999494,-0.017053475859732263,0.00807940337765008
-0.05253975541764288,0.025000000000000005,-0.019505822876925184,0.008709572366987526
-0.05685337228016793,0.021008452295410526,-0.01785750237827941,0.008510692842973266
-0.059072031862815066,0.025,-0.020047309537459944,0.008762111766725166
-0.06313788698647485,0.025,-0.013276274510863204,0.008736279747977468
0.0030111449688372226,0.010872428166023886,-0.025,0.007648184446164143
0.006778754118672545,9.354074183322986E-5,-0.025,0.007437242959596312
-0.03138775478666088,-0.025,-0.018574796142643547,0.008577998520315832
-0.03772827084228766,-0.01842216557313675,-0.01445978753961781,0.00829637164751637
-0.042378251099360734,-0.025,-0.011660612890364661,0.008541192728213798
-0.038341810986961156,-0.025,-0.018458097820504733,0.00862838650676602
-0.03937289573179652,0.018599868818071026,-0.025,0.008102093058942427
-0.041990198834235486,0.025000000000000005,-0.025000000000000005,0.008581055950261911
-0.04527076821192605,-0.025,-0.01879851536785864,0.008655471053970791
-0.04847676044812769,-0.017243606994978802,-0.017382307065961396,0.008286736350104365
-0.030684863278390227,-0.01811264020265175,-0.025,0.008046732178465953
-0.017723100726606194,0.01061538023259935,-0.025,0.0076500486999283804
-0.019556593064786593,0.004896221587589681,-0.017138820651734072,0.00783154764496856
-0.007828833678049141,0.00953912378382226,-0.025,0.007578660216578271
-0.023077435826102558,-3.9329741949518937E-4,-0.025,0.00749068464214798
-0.02813518394358032,0.0040789689455896574,-0.012738474590344,0.00796981224781271
-0.030850179414780056,3.4144152323907495E-4,-0.025,0.007530018032056853
-0.03856789078207384,0.004052736033154855,-0.01299180028469981,0.008015506007291302
-0.020943147891560657,-0.003994940886973268,-0.017198891420302512,0.007841054747234942
-0.001466029928299642,-0.008373610625843428,-0.01286839514021368,0.007969329647170413
-0.003389730349607177,3.8375996732689655E-6,-0.025,0.007469306314956105
-0.0033301418885559536,0.005436214083011943,-0.012231823201632379,0.007946338660345135
-0.013590694170716115,-2.2344312201050265E-5,-0.025,0.0074733900155517135
-0.012617053866119766,-0.007297325635969844,-0.013785436279874325,0.007947220362271861
-0.029328059838060222,-0.009228876999577959,-0.025000000000000005,0.007643356636488511
-0.03265589659970826,-0.009134658525545047,-0.01611271351658198,0.007976612378708014
-0.01022775489652189,-0.010497331724046571,-0.025,0.007635311508896879
-0.02000268723888574,-0.009257037621301797,-0.025000000000000005,0.007620119133966379
-0.021861239895703884,-0.012409323838500142,-0.015626408379808356,0.008038504067029979
-0.014005179739109568,-0.024999999999999998,-0.024999999999999998,0.0084899577686752
-0.010400897709252269,-0.019498618475029365,-0.025,0.008079585512647413
-0.017107915991701236,-0.017207947317746983,-0.025,0.00794485393945989
-0.023731953204253198,-0.017176950658006847,-0.025,0.007957913506539621
-0.02100453227172086,-0.024999999999999998,-0.024999999999999998,0.008497464830193322
-0.02800388480433219,-0.024999999999999998,-0.024999999999999998,0.008520636107472944
-0.0135800388920964,-0.025,5.58773471007544E-4,0.00830872518019963
-0.02044664081883112,-0.025,2.778954929140813E-4,0.008320079939572348
-0.027714577221616327,-0.025,4.1416624973751245E-4,0.00833938084623214
-0.04660130394292354,-0.025,-0.003959397662090348,0.00845738516138073
-0.04912066844333529,-0.025,-0.0123445416438481,0.008586653818452592
-0.05249650143991472,-0.025,-0.01886260135499706,0.008707790647882584
-0.05469203336005103,-0.018449606973646067,-0.01484158127098133,0.008402707762068558
-0.052026957897167124,-0.01713749185019436,-0.007219663769566345,0.00838207116635362
-0.04689541464780106,-0.025,0.004747082715636897,0.00846674172126134
-0.04840224137352362,-0.0153936219699657,9.474002245066615E-4,0.008328609380686374
-0.058995875679908924,-0.01264440807892915,0.015966384603071114,0.00823881621451401
-0.06268956838331288,-0.019583823017543106,0.018873797696209102,0.008482751745367261
-0.07,-1.2769970256491445E-4,0.0117022106962694,0.008292781412617937
-0.06259588041768731,0.009736387956556423,0.0035249626656914043,0.008364867682372547
-0.06194454455257951,-0.006255448734273381,0.008822312636732365,0.00827656447366284
-0.07,-0.011479468005053688,0.01699963541050866,0.00829598782312273
-0.0536588077288475,-0.025,-0.007006995778176367,0.008548922305061369
-0.05701991077678412,-0.025,-0.012862173684239211,0.008662664966879707
-0.06049046946295272,-0.019091543417095572,0.011219543184290214,0.008485487857383749
-0.05431134926346447,-0.025,1.2995513344627938E-4,0.008503186774780645
-0.057982876722171915,-0.018691598882990924,0.0052944427243041044,0.008456884947752189
-0.06122491782391629,-0.025,-0.005450544027348337,0.008593386229368184
-0.06194454455257951,-0.01389382020984319,-7.441849563662397E-4,0.008422605640059476
-0.062076664339184816,-0.025,0.004646470871412879,0.008594621785408483
-0.06279597893312547,-0.025,0.01353580650289081,0.008732822453889398
-0.06440146468904423,-0.025,0.02023712635208791,0.0088111032862596
-0.07,-0.02160431638350952,0.021075574353241054,0.008638643888756722
-0.07000000000000002,-0.025000000000000005,0.017655855954721147,0.00885050648672238
-0.07,-0.025,0.025,0.008809683928449
-0.06308933673750601,-0.01934691164904051,0.025,0.008308622142771184
-0.063,-0.025,0.025,0.008743147671656737
-0.07,0.006519224376057236,0.024999999999999998,0.007868106109295768
-0.07,-0.017070348212141543,0.02500000000000001,0.008241808510729006
-0.06221694629168691,-0.01085138484438651,0.024999999999999994,0.007889674097835295
-0.07,-0.006519224376057227,0.024999999999999998,0.007843281299810084
-0.059338764837663496,-0.01713749185019436,-0.007965236952195339,0.008438150917968896
-0.06396911538886252,-0.024999999999999998,-0.014167547596346499,0.008735155155018182
-0.07,0.016726860268449807,-0.003944337333273613,0.008549529506275636
-0.06179850127375206,0.021008452295410526,-0.010245078399707447,0.008551803843584744
-0.07,0.02500000000000001,-0.009626542324966299,0.008744346891377108
-0.07,0.006855973679094697,-0.003203290862094744,0.008423541212647918
-0.05788531292603731,0.006450032599222562,-0.008097686069845473,0.008244965817341477
-0.06999999999999999,0.025,-0.017897547084949103,0.008853615138815083
-0.07,0.01952055762128206,-0.018157025409199806,0.008564565509589384
-0.06479826390180823,0.025,-0.02058581013889229,0.008806694036276584
-0.049454694222550354,0.018014184473332293,-0.02057992598803629,0.008261265599027297
-0.048991125353154405,0.025,-0.025,0.008620591609169215
-0.04682627061086389,0.01697491983126903,-0.025,0.008035465462053344
-0.046550219207612396,0.010768665257151002,-0.019630669175033727,0.007995951092704729
-0.06116698914269299,0.017016904590821044,-0.01620918187963363,0.008387095482560615
-0.06266998044531548,-0.019655606952313335,-0.01898924023047299,0.008486313835927373
-0.07,0.025,-0.025,0.00880094803002722
-0.04076646012983881,0.007024078953941977,-0.025,0.007626480792933208
-0.0374771611173023,-0.005261917901426043,-0.025,0.007594711156141848
-0.04900059762056736,0.004026503120720053,-0.01324512597905562,0.008063633222847429
-0.04864811801516236,-0.006474427979915209,-0.025,0.007658846162083729
-0.044457019456340674,-0.009487213989957603,-0.01590201277692573,0.008052195165355231
-0.055993067622205274,0.025,-0.025,0.00867483830922017
-0.05424184830127779,0.018144036318089085,-0.025,0.008164670860305827
-0.0629960257886819,0.02499999999999999,-0.02499999999999999,0.008746930233249786
-0.06300508859423506,0.019626920717442632,-0.025,0.008333749052321893
-0.059377731290272295,-0.025,-0.019592020699964068,0.008764095939200904
-0.06506866846033577,-0.025,-0.02023851552242481,0.008817825906804855
-0.07,-0.02500000000000001,-0.017655855954721144,0.008850364958987599
-0.05236415594331793,-0.011899213947292134,-0.01682098885772345,0.008138500485620691
-0.054731621217875635,-0.017666265298160327,-0.025000000000000005,0.00814504370700007
-0.03860509172546098,-0.015124402887221548,-0.025,0.007899923007303737
-0.03500323733694347,-0.024999999999999994,-0.024999999999999994,0.008539859327621475
-0.04651370585466297,-0.018955611288707062,-0.025,0.00816341911873635
-0.049001942402166064,-0.025,-0.025,0.008623494345752051
-0.042002589869554796,-0.024999999999999998,-0.024999999999999998,0.008570141357328347
-0.056001294934777394,-0.024999999999999998,-0.024999999999999998,0.00866931160808047
-0.07,-0.005213761002263673,-0.004465821320691614,0.00840597935037638
-0.05588720101559815,-0.0029665825833796425,-0.0010776357463250712,0.008253319032883321
-0.07,-0.0148013431660279,0.0068902524970372026,0.008513172579477611
-0.07,-0.017839119194140683,0.01699214477593057,0.008510863682030375
-0.07,-0.015404442653704532,-0.00743078448992781,0.008519383474199541
-0.05745261185141071,-0.009274983700388718,-0.01047992987704234,0.008248204414661342
-0.07,-0.025000000000000005,-0.009363344310821323,0.00874122829634466
-0.06999999999999999,-0.025,-3.469446951953614E-18,0.008663407590709691
-0.07000000000000002,-0.025,0.009363344310821323,0.008742941605379953
-0.07,-0.021472717548290048,-0.021188197532142204,0.008629412684274366
-0.07,-0.017876993265073172,-0.01671275944137636,0.008518013663385218
-0.0602712924302952,-0.014311213904626663,-0.01773996493852117,0.008254307034056484
-0.058764899269668214,-1.4672355244285928E-4,-0.013514386455982538,0.008121630234092738
-0.07,-0.009647066797569659,-0.01712069506417673,0.008246295688855747
-0.07,0.012900065198445124,-0.014705120181579705,0.008390321868288218
-0.07,4.0027619292610714E-4,-0.016374078583554316,0.00816906735985865
-0.06007718668792572,0.008981536595503,-0.016548843034922735,0.008144383267393755
-0.07,0.01706664521615132,-0.025,0.008252496046355624
-0.05223056938906011,0.008053006241440105,-0.025,0.007731060334254511
-0.05233397828538597,0.014513251560360029,-0.014261338350067456,0.008266485297383802
-0.06226906044981413,0.011513040591783437,-0.025,0.00791753449516355
-0.061404937981239825,4.0221236867968313E-4,-0.02500000000000001,0.007700886895627139
-0.06273388001571228,-0.010213389735238415,-0.024999999999999998,0.007879928884837862
-0.06308997300917968,-0.01934744410886461,-0.025,0.008310399216883339
-0.06300064746738869,-0.025,-0.025,0.008741750279994548
-0.07,-0.017071501401253887,-0.02500000000000001,0.008239120832642747
-0.07,-0.025,-0.025,0.008806217564370056
-0.07,-0.006522885615304574,-0.025,0.007837769914876608
-0.07,0.006513503377585987,-0.025,0.00786013468334737
0.03852511741808554,-0.01073943773280994,0.009462745806278242,0.008152808778768863
0.015321309799536017,-0.014847982235958743,0.008823197329013396,0.008152918992361756
0.022876951366789054,-0.012057700661628711,0.004425082367416387,0.00814460666620603
0.013500863877463222,0.01357463472059487,0.006271783040966184,0.008139058009504787
4.1814677386688755E-4,0.012249360082807376,0.008900647174458907,0.008086718038727344
0.029454424720097273,0.011376184820817785,0.0031261032783653354,0.008163775238753064
0.0171088148795655,0.00978925473659339,2.51009348581837E-4,0.008104843140517211
0.05034705050925162,0.014499860489569279,-0.0032546071909579,0.008328836943116586
0.02405582390249845,0,2.0456673219702848E-4,0.008068129138087347
0.04607364249842621,0.0027539896846516068,7.552588651985633E-4,0.008179557881955611
0.03554186792687384,0.001999860489569279,3.512819744830526E-4,0.00812438295569893
0.03490309314043081,-0.009349783544459513,1.1331664780287079E-4,0.00816570377374431
0.02994742946744343,-0.014490032339027268,-0.002342649463426507,0.008207446126175839
0.045935137419899526,-0.011758867787261379,-0.00485917358598475,0.008251988108193638
-0.01266170595252711,0.009861965346916622,0.00849241001212967,0.008060000473520672
0.008743145822893391,-0.008939459169706605,0.006422180989032929,0.008058480508451822
0.01001287924405386,-0.015232477927222847,0.013272603381091997,0.008122826528330745
-0.024126391866172027,0.007583999616140652,0.009252779296501009,0.008051357324296314
-0.003079064597650787,0.0010914268055603753,0.006451308395900939,0.007997761225900275
-0.028595915928327335,0.012952091807880057,0.004329090118311993,0.008176780563883167
-0.026235302164355902,-2.4304616529634843E-4,0.0020466862030975932,0.008070597350203748
0.01667175506778728,-0.00625,-0.0017362899917085996,0.008066148950223055
0.004465180862782976,0.0125,-7.995739600129237E-5,0.008125190114769516
-0.005228504679970064,0.011649862496163992,-0.002767020840495537,0.008113785677301599
-0.016035750303470632,0.01018574059467455,-0.009277641303468141,0.008063027702895399
0.003937438009956877,5.210315059955558E-4,-0.002707897418544891,0.008016262551464133
0.007629979277635075,-0.011539207018708753,-0.0044661488882773185,0.008108357530369039
-0.018500269087052514,0.0013893054460059127,-0.006217189163234175,0.008021384329625738
0.02842673502159334,0.008639371695555119,-0.010640632681777912,0.008061262112961593
0.017845049157795986,-0.006571941635067806,-0.011528682961723036,0.007978850652609958
0.031281068862776075,-0.007960129356109081,-0.0092361125106725,0.008080929866136649
-0.0013957701351021774,-0.014282739229277036,0.006115930031587158,0.008144851077806676
-0.01162231750810045,-0.0011876811316764923,-4.3614948294883895E-4,0.008032862919588626
-0.013040383720487358,-0.012470655303102868,0.00959914123942294,0.008093935023536987
-0.004761535746674973,-0.008010823903565868,0.004392554380458282,0.008062735835953754
-0.018917115136587843,-0.008244806957102021,0.006134823620507096,0.008071074807681523
-0.020271473504095708,-0.00947299333854099,-0.004010780291881842,0.008107565082086054
-0.026181379046327516,-0.012349687272234126,0.006372826908575232,0.008150085835400988
-0.032292264566523586,-0.0125,-4.00502164341144E-4,0.008193750378964094
-0.03915148636445596,-0.012134243143230309,0.0024463470580014406,0.0082205348705903
-0.04484971773289954,-0.012592868092854554,0.009458810422687002,0.008222426255306144
-0.03815397008637969,-0.00225506470912856,0.006502726333532487,0.008097741208226629
-0.04443110924755384,-0.01049811764743108,0.001733571561481045,0.00823204398822767
-0.037862271886415964,0.00625,6.85984816090173E-4,0.008152413671182784
-0.027908940985026384,-0.008621545879836892,-0.008537834979104198,0.008080054623434195
-0.03767625329736862,-0.0054686869947431814,-0.005046988154021408,0.008129012836497527
-0.04040656176544164,-0.013027779743537521,-0.006942296879974913,0.008225545590034824
-0.05341160688730294,-0.011448363639987235,0.005881227958261413,0.008293336809299579
-0.055191760835374616,0.012616802234018154,0.010253216193477552,0.008297341124988105
-0.04555967434100767,-4.30759724484165E-4,-0.0013420319966152509,0.008173927551915976
-0.0492434909641387,0.009475016299611281,-0.007578032291479053,0.008217465390123026
-0.04070285386836861,0.012133393769537407,-0.007584383663375697,0.008207927412168036
-0.04932464948696431,-0.008941270420585564,-0.004998701395777968,0.008235632140832864
