X,Y,Z,Bz[T]
0.07,0.025,0.01752268782897893,0.009926050981754378
0.07,0.01965060554318781,0.019621888436743402,0.009621611904754773
0.07,0.025,0.025,0.00984183137464425
0.06442538131567352,0.025,0.02017011246145107,0.009765535926058583
0.06589575657673202,-0.021571614366617836,0.024999999999999998,0.009454349267092894
0.06298701044929857,-0.025000000000000005,0.025000000000000005,0.009646840373548836
0.06478394162974102,-0.025,0.02044071904856478,0.009779393299137918
0.07,-0.025,0.025,0.009846774729846236
0.07000000000000002,-0.01680740750582243,0.025000000000000005,0.00926042101933498
0.07,-0.019242343648621374,0.019559437814765525,0.009605458513206759
0.07,-0.025000000000000005,0.01753497821625596,0.009925352532574903
0.06279512187785566,0.025,0.013347059903670619,0.00969566252815517
0.07,0.019060632507811044,0.012895932179038366,0.009684159899885492
0.07,0.025,0.009219742845763115,0.009829590184654536
0.06300169057246033,0.025,0.025,0.009662358179405738
0.06254139839146299,0.02027776239691903,0.025,0.009282780188258847
0.058839925894744405,0.025,0.019917519308036667,0.009628277323821769
0.05600338114492065,0.025,0.025,0.00949163628645472
0.06999999999999999,0.016824305947336454,0.025000000000000005,0.009258968078403897
0.06144462079112497,-0.017886765882644626,0.024999999999999994,0.00910401323177125
0.0592608365609516,-0.025,0.019838885850073117,0.009653847231784444
0.055978173940090324,-0.025,0.025,0.009479161830144345
0.049005071717380985,0.024999999999999998,0.024999999999999998,0.00934470501120823
0.052765975276807195,0.018226858327416315,0.025,0.008926113993047977
0.052237153916169565,0.025,0.019408376540416626,0.009492155736751152
0.04559941863642284,0.020403951531895094,0.025,0.008933524138028373
0.045485479431595394,0.025,0.019078082141052374,0.009374929207629131
0.04200676228984132,0.024999999999999994,0.024999999999999994,0.009241001727095789
0.053343132372211916,-0.017982469848236128,0.025,0.008931805016109394
0.05135901815709712,-0.025,0.01862368303885823,0.00947123972006397
0.048973488012977,-0.024999999999999998,0.024999999999999998,0.00934794729098545
0.04602796218637074,-0.02038725242490915,0.025,0.008947505588249137
0.04197295084057616,-0.02500000000000001,0.02500000000000001,0.009230925409596987
0.04506870092550283,-0.025,0.019250331222957072,0.009365954826857339
0.06316629678800731,-0.025,0.013285636085871314,0.009697537105919592
0.06026142293565654,0.016230154256717533,0.017561141385955055,0.009247712413402073
0.07,0.012062219657431796,0.01815569496488463,0.00937169269666202
0.05624928842591305,0.020615077128358764,0.018484758963185844,0.009338383264888542
0.05559871517248419,0.025,0.015126614037920767,0.009518529794558037
0.04846054421987003,0.017166575108307127,0.018816180023041532,0.00900865119584044
0.04221977240546032,0.025,0.012491977583304927,0.009249868609642237
0.0384347527426349,0.025,0.018730885129205066,0.009259679471433023
0.0436103960855207,0.018653239246384266,0.01487844365982568,0.009053077332808643
0.04927749965349715,0.025,0.013010888129303863,0.009381001503597622
0.07,-0.01170421798783046,0.018395054730258285,0.00934854449757942
0.06099900660430962,-0.010912912512719058,0.025,0.0087708990985795
0.07000000000000003,-0.006300615357669294,0.025000000000000005,0.008893543112460777
0.05457538972136684,-0.025,0.013631691542086197,0.009494271742216258
0.059979093676056756,-0.018551054496957615,0.015440517942613953,0.00937522829094624
0.07,-0.018473868675030328,0.012972667116265442,0.00966317165187442
0.07,-0.025,0.009227750251109376,0.009828217953695902
0.055876293312637465,0.025,0.00839040144470854,0.00945348835412222
0.0604311140579278,0.01818323971559608,0.009384682184664045,0.009416241277552423
0.0622737124870009,0.025,0.004273400196112963,0.009567570697684762
0.06513071146782828,0.013231556559550923,0.01312501050625083,0.009389068461832184
0.06999999999999999,0.025,-3.469446951953614E-18,0.009764945314904972
0.07,0.017923549673924677,0.004387772021322171,0.009691742538875706
0.07,0.010232958862384317,0.008688879626546603,0.00954023535006795
0.05686394243015855,0.011463723089066222,0.025,0.008718533224853152
0.06072711754453755,-0.002548344279769306,0.025,0.00861967566555742
0.07,0.00633176441446805,0.025,0.008888891156764955
0.07,8.314313330937129E-5,0.015025215447130223,0.009312354850334426
0.060982555544508,0.005716794738876645,0.025,0.008650333849399462
0.061682919976568655,0.00746030851343506,0.01520476346387345,0.009129831657937345
0.04357096523692211,-0.017587446593245477,0.018619588992214855,0.008944497627004245
0.04902105003786368,-0.009270361070555233,0.024999999999999998,0.008464862300316385
0.0409449274082123,-0.025000000000000005,0.014962547312929904,0.009270036020332039
0.03860024294412789,-0.025000000000000005,0.019400339297361395,0.00926204573261153
0.03497464141304015,-0.02500000000000001,0.02500000000000001,0.00913653753957318
0.03959334745308863,-0.016918888442162466,0.025,0.008627332683702244
0.056548017260902715,-0.008894789601943684,0.019672311335012824,0.008874510051191832
0.050341093428761766,0.0021644446701282252,0.025,0.00838215526847024
0.035008452862301656,0.025,0.025,0.00914368180053343
0.03908538672308953,0.018227886388048564,0.025,0.008719360332957485
0.04565570457567521,0.011312191123879586,0.025,0.008488653084824825
0.035419383693857394,0.0201399033844614,0.01714254506273104,0.008976802258851434
0.034881967161981386,0.025,0.012486268189129394,0.009151938722194044
0.03164452676496275,0.025,0.018792731579428422,0.00916732688247999
0.05236891697726787,-0.015241234924118064,0.014344622670025647,0.00911395174223736
0.046606905302942536,-0.025,0.012008907310160345,0.009313593850756972
0.057040278802881074,-0.025,0.007870826754378064,0.009485297389683893
0.05166467305490056,-0.025,0.007699049251353214,0.009361890744638052
0.07,-0.025,-1.6698538211026848E-5,0.00976821970453849
0.06297081469570129,-0.025,0.003985699837352714,0.009580551079168076
0.07,-0.01756860012958892,0.003850735106914832,0.009685455633513062
0.061834082743431606,-0.018551054496957615,0.007513924936253752,0.009467691396696178
0.07,-0.008851584389889132,0.008464500791047248,0.009523445827272483
0.05455363701243074,-0.025,5.654291053350871E-4,0.009372053051570618
0.03919424062275203,0.015279806768922806,0.015492358546033664,0.008871702454795658
0.03876024795117136,0.0201399033844614,0.01094070729660983,0.009046754940217974
0.03832625527959069,0.025,0.0063890560471859936,0.009117571988195983
0.05132166980331722,0.013929198684719162,0.012632360046083065,0.009077297241105058
0.037816410648802624,0.004078355141721134,0.025,0.00820068704415876
0.044207136361369595,0.01136309432307637,0.015535005992951897,0.008843263611872397
0.044176992440730097,0.01875,0.0073238534440366295,0.009103286521627618
0.046519300590233126,0.025,0.0048037946838121355,0.009228091495085007
0.05100525289431867,0.01875,0.005273065374738435,0.009224087882820472
0.05424677186899815,0.025,8.903045757354539E-5,0.009361432663742807
0.07,0.025000000000000005,-0.009219742845763115,0.009827512003592578
0.06113853122869542,0.025,-0.0057672706812337896,0.009549379502457763
0.07,0.017957406456099938,-0.004572559766993545,0.009690080350452795
0.060697350791161925,-0.01210210899391523,0.011042150035154791,0.009267834447512379
0.06305475427689686,-6.921840518000917E-4,0.00864678861323365,0.009268512380024463
0.059602818733347676,0.01818323971559608,-1.724831077881612E-4,0.009409481778259886
0.06999999999999999,-0.025,-0.009254563348760672,0.009828468277504535
0.06281753527907674,-0.025,-0.0040731344821550615,0.009578489542916901
0.07,-0.01736169587232883,-0.004448636387705224,0.009681449824481153
0.06197491842359202,-0.019965423968082208,-0.006801760584978482,0.009496078223644707
0.05806710623799993,0.01136647943119216,0.005422304465657468,0.009264070832016077
0.07,0.009890577479207276,-1.4479542490712996E-4,0.009591473650014164
0.07,5.051277524948817E-4,0.004360270411913975,0.009515215450429753
0.060697350791161925,-0.014930847936164417,-3.796955238269643E-4,0.009395008873057763
0.07,-0.008476581282619461,3.845339671046388E-5,0.009574161908525341
0.06325248605602213,-0.025,-0.013223825646129998,0.00970260939989022
0.07,-0.025000000000000005,-0.017550302899510144,0.009923445991599125
0.07,-0.018610230979678323,-0.013222269648552627,0.009669548351197306
0.04625187585088297,0.025,-0.004155616798356755,0.009219620471802708
0.06253131126470281,0.014633311708868809,-0.00607945255914532,0.009416166102270947
0.06384903537478256,0.025,-0.014157798421845863,0.00970678332534641
0.057978965846659854,0.019816655854434408,-0.006701146623252755,0.009399578917743345
0.05679816266153085,0.025,-0.012982602271422214,0.009538645153927121
0.0534266204286169,0.025,-0.0073228406873601885,0.00939616610597863
0.07,0.018903523318084606,-0.01314660591203883,0.009678466045295049
0.07,0.025000000000000005,-0.017522687828978947,0.00992240371005526
0.053365839953137297,0.0028583973694383223,0.012253831962862265,0.008974621865693049
0.06295398738747164,0.02013940138227141,-0.0176971238989812,0.009475351771835045
0.07,0.019706531712788383,-0.019736281534251186,0.009619650962735336
0.06500885663778566,0.025,-0.020168762249215197,0.009791334174101343
0.05933517993279384,0.025,-0.01959998711446366,0.009647115969744966
0.06494539507647641,-0.025,-0.020442001971258686,0.00977858666090161
0.07,-0.019425444357070686,-0.01969511352547578,0.009609167998625016
0.07,-0.025,-0.025,0.009846326219072674
0.07,0.025,-0.025,0.009842790366630022
0.027976331985504137,-0.025000000000000005,0.025000000000000005,0.00907668633623099
0.030930590969824943,-0.016584391221511022,0.025,0.008504710730644306
0.032025077330099766,-0.025,0.019445216920317025,0.009179126061514725
0.020978022557968115,-0.025,0.025,0.009017500075806269
0.024505909185217892,-0.025,0.01881578055858383,0.00911094479721194
0.02440450185599924,-0.018981403255168124,0.025000000000000005,0.008599812620062439
0.03680685541051183,-0.01736245993887015,0.018412660012944268,0.008837753892181228
0.03543931482222454,-0.025,0.013947878747025348,0.009174245534120282
0.03811352336684655,-0.0070324977469111705,0.025,0.00823147185304427
0.04151015927050215,-0.016618147711110295,0.01222289052255577,0.00897424906550606
0.03973212678389865,-0.025000000000000005,0.008528941498676968,0.009160446666247263
0.04207322954834138,-0.010174893186490952,0.017988846761472645,0.008691005591269473
0.04455311164359413,-0.0034308979308194367,0.010977693522945284,0.0088289324554136
0.045246372872650216,-0.025,0.0031709446498058113,0.009197491938863408
0.042902482419099996,-0.017209729139379636,0.004480485224216254,0.009052781053755326
0.04027962357782096,0.025,2.621007806609191E-4,0.009109863306840769
0.028010143434761988,0.024999999999999994,0.024999999999999994,0.009070592437916506
0.030830420461630207,0.01739838778360102,0.024999999999999998,0.008557585191162842
0.021011834007222327,0.024999999999999994,0.024999999999999994,0.009022328962690252
0.02413307348194738,0.01961701339271775,0.025,0.008639273051825928
0.02448210829589116,0.025,0.01885648722962862,0.009110906527870949
0.03995372850286916,0.00555961353784561,0.012253831962862265,0.008751446286241043
0.03415833264397172,0.01111922707569122,0.025,0.008341511574345147
0.030802998815449432,0.025,0.006353120355995064,0.009031516038943302
0.028186695959424357,0.025,0.012971196908936479,0.009081068126494405
0.029489302247084764,0.015089483264826271,0.012474769142123109,0.00877670462569206
0.026811187864516074,0.01735324832877201,0.018737384571061555,0.008725489145412558
0.0214263305367884,0.025,0.013261246283189684,0.009031380025420857
0.02545781639193658,0.020044741632413137,0.012868007712656395,0.008886101396552912
0.024815835194975062,0.025,0.00849471270298323,0.008991442810076165
0.021198423130097503,0.020116783619064244,0.017057895727300158,0.008833482340163032
0.017465607068893135,0.025,0.0190226573668823,0.009063630445445349
0.03277560725879566,-0.0049672081475935085,0.017184153413480903,0.008500014078497516
0.02972498789376724,0.001711084157216318,0.025,0.008092612002596413
0.024440683129380216,-0.00919890293172592,0.025,0.008175073703173599
0.017289417857947593,-0.025,0.018339374563178842,0.009058773193352833
0.014387313777101767,-0.025,0.012081598448341578,0.008974155794213134
0.014373622536927613,-0.02083191696961091,0.017078595892451094,0.008830350571955893
0.020468687484677974,-0.025,0.012525121514981433,0.009015738161658696
0.010492020481350523,-0.025,0.018379152588899966,0.009034888347915026
0.013979713130432107,-0.025,0.025,0.00897882437445893
0.019977946227816852,-0.018895975790335955,0.019201519247649814,0.008729252290729593
0.01746110502955365,-0.01689071178537796,0.025,0.008423113501480334
0.010552128669081208,-0.021553858016483136,0.013012119615587453,0.008849987162090461
0.006869837708056201,-0.025,0.011986499767948681,0.008946627286980195
0.01809700459551201,0.020116783619064244,0.010932028641259786,0.008839091621124433
0.013993399760088693,0.025,0.012767095632874939,0.008982674809363959
0.018279271226720174,0.025,0.006604753057547874,0.008917486525275202
0.010393666000216947,0.025,0.006818766939552566,0.008882808762489815
0.051394701582323836,-0.0125,0.0036892453400512964,0.00913885483935144
0.05448818725858659,-0.019965423968082208,-0.0032527419039065255,0.009317010050699142
0.05616704945015491,-0.025,-0.008490236645928474,0.009466501624687065
0.057354805637222055,-0.015892410364561356,-0.009805648053000288,0.009283463814597343
0.05585141274369834,-0.025000000000000005,-0.015083753824870351,0.009531145979202994
0.04827902372601124,-0.025,-0.0061257882839860864,0.009279358561570606
0.035218598237545175,0.016919741632413138,0.0047288419436581795,0.008940163752414344
0.03326839148475336,0.025,2.462425496632496E-4,0.009016129968613212
0.050657249190144284,0.01815460848081884,-0.005870981074826924,0.009208617755057255
0.04318856045484708,0.01875,-0.005240815606606419,0.009081695686808012
0.038228594309627356,0.025,-0.005920347948044578,0.009108225469760606
0.04461016002865782,-0.01858623047933215,-0.0034408246302814185,0.00910722000774209
0.04034546496188318,-0.025,-0.005255181046321212,0.009137853738430433
0.035578442147181755,-0.025,0.0010091604358042731,0.009044392792849706
0.037675657890692764,-0.0192620258108736,0.004929553591122504,0.009009114754022525
0.03152703816523279,-0.025,0.0071492782031943435,0.009040399189798752
0.041900175697999184,0.025,-0.012113278528471424,0.009245068120437901
0.07,0.010118433923275362,-0.008846676287738104,0.009539749931660827
0.0659431133601972,-0.021457177267435283,-0.025,0.009454776990487369
0.07,3.077177955574488E-4,-0.00477883947840186,0.00951121753478747
0.0561095085537937,-0.0014675112369095546,0.0022683617793370792,0.009156553764968314
0.07,-0.009561099932161476,-0.008986714760868887,0.009528332923322475
0.06253131126470281,0.005808467378597565,-0.0061825924148494775,0.009314368254932507
0.05885317715445011,-0.005793419843257431,-0.007717108404188107,0.009194595938965993
0.057554502019513384,-0.02170484919026013,-0.018886583599404684,0.009410972311989405
0.05914398177305619,-0.025,-0.019858754644395182,0.009640861749315966
0.0525255944928598,-0.025,-0.019372889112132995,0.009499165298799564
0.06258340954616697,-0.018409698380520253,-0.01840027808667637,0.009381833483025345
0.07,-0.011467689183039656,-0.01841639229855612,0.009335162816538041
0.07000000000000002,-0.016727481338042992,-0.025000000000000005,0.009263627182664535
0.060221424015857526,-0.011819396761040504,-0.01635855420209405,0.00914186955754429
0.04881384495303974,0.025,-0.012520963509154166,0.009367632364475197
0.063,-0.024999999999999998,-0.024999999999999998,0.009649476797234253
0.056,-0.025,-0.025,0.009481260756113056
0.052387991646696386,0.015613178005117506,-0.014297575476587556,0.009122760864918159
0.05586158578974511,0.020306589002558755,-0.016948781295525607,0.009331272790093121
0.05243436432291426,0.025,-0.01907162896521073,0.009498422226494448
0.06089911813715763,0.015278802764542817,-0.015225485548747206,0.009291959840444163
0.07,0.01177013956031956,-0.018413776696500378,0.009342479613187248
0.07,8.053220860909822E-5,-0.015470864761881281,0.009304650604531388
0.07,0.016727481338043,-0.025,0.009257057514146502
0.06298828355861594,0.01916350812076628,-0.025,0.009227243146349026
0.06300000000000003,0.025,-0.025,0.009662547106914249
0.056000000000000015,0.024999999999999998,-0.024999999999999998,0.009492794217052083
0.0276524324711467,-0.024999999999999998,0.013351988191502396,0.009086716102864986
0.029261833314876178,-0.017969388089889998,0.014582850225804855,0.008845796273161274
0.02459541868388685,-0.025,0.007804658728978382,0.008984717923164659
0.02146031328394548,-0.015948958704830995,0.012187080016936552,0.008741191951472306
0.030769873092367374,-0.018626318875466435,0.0011888751127656237,0.008912876062441639
0.02583208944643738,-0.025,5.08586796826492E-4,0.008935232657978315
0.031771189577462805,-0.024999999999999998,-0.005737295781226703,0.00903196579696365
0.02252778440851434,-0.019618177915608,0.004020549082259041,0.00884900264873187
0.01806618001999542,-0.025,0.004783500516473738,0.008894704611745045
0.014952655160690009,-0.020084038363081105,0.00787128912817239,0.008815658295494001
0.010681026193957301,-0.025,0.006970418669078944,0.008887140754127379
0.03133624791486464,0.016919741632413138,-0.0013511083494615948,0.008893491470691925
0.030561554634229614,0.025,-0.005770844539053556,0.009016298700690517
0.024447652764892427,0.025,4.1250436865637036E-5,0.008930045121956942
0.024462089810651188,0.025,-0.007391227744068869,0.008972545619358667
0.017391253660331268,0.01766019307654898,0.025,0.008468019893518643
0.014013524579682662,0.025000000000000005,0.025000000000000005,0.008965712802747954
0.023983224511367182,0.010357933059305088,0.025,0.008190734649015726
0.0034229956988945445,-0.025,0.018399120518626022,0.009028372297689966
0.0041627112567677125,-0.02059531712158354,0.017109313649643142,0.008784396200305172
4.220792427822931E-4,-0.025,0.011440344294370786,0.008930841371445732
-0.003324485425972787,-0.025,0.01833284831548812,0.009015969487765198
0.006981403702896086,-0.025,0.025,0.008959846186471136
0.008753233353350365,-0.0168689144258692,0.025,0.008397794532397116
0.00919851025527282,0.01823066373447725,0.025,0.008455758264152714
0.007015215152143,0.025000000000000005,0.025000000000000005,0.008960250379199794
0.008915248865461092,0.018804286037433705,0.01929888958595467,0.008672980773789196
0.010368880346936948,0.025,0.01887072561741939,0.009022641611922955
0.0033509795454068486,0.025,0.0188160235882849,0.009014075849083264
0.006658021775253625,0.025,0.01283069058394117,0.008959829741097925
-3.035113566142618E-5,-0.018894240726010023,0.025,0.008504740215828567
-1.6905724639915132E-5,-0.024999999999999998,0.024999999999999998,0.008959816825354239
-0.007015215152175929,-0.025,0.025,0.008952561834385975
0.024096637332188142,0.005178966529652544,0.01246327009511682,0.008554581754491716
0.018738039009964017,2.710399965505858E-4,0.025,0.007994556251919253
0.023372142978046316,0.015357241632413135,0.007133071442604578,0.008774260853050227
0.013556624109788334,0.016732115486302865,0.02012965211248585,0.008577136470947423
0.011885161317767137,0.00882645791192667,0.02500000000000001,0.00806530802184107
0.01203082576688164,0.017831614477981667,0.011140909983191175,0.008742616926470216
0.01791473796430385,0.015233567238128482,0.015259304224971695,0.00865343899437065
0.019018360487509725,-0.0061144800017247074,0.015502034659643804,0.008447132838985735
0.013070110423430833,-0.0090062298288962,0.025,0.008089886375460056
0.012919847790114708,-0.014977145178290886,0.01631517854965676,0.008599894240072636
0.009604557557655807,-3.421859918040643E-4,0.025000000000000005,0.007959254889907938
0.0025160538489851793,-0.015485659755985913,0.020280911292674012,0.008496137170517606
0.007001566222372692,-0.017708528700881403,0.01007464762673904,0.008727058351356011
0.004651205974602612,-0.025,0.0048661421043733125,0.008850067989920973
0.007482939360921101,0.021415807238990833,0.00896617454554148,0.008816114508661472
0.0029350529549605625,0.025,0.006791439107891784,0.008861446714269184
-3.895524578306081E-4,0.025,0.012815730570604061,0.008946326833719218
0.006831610422458181,0.025,4.1551753893051546E-4,0.008827716994431968
0.015394639897818418,0.025,5.20596199076611E-4,0.008864198480975496
0.01725498370900787,0.015625,0.0017913737430860495,0.008752239817927186
0.017940109144594384,0.025,-0.005773776848953201,0.008906458227647292
0.010504373403499242,0.025,-0.00583764353285629,0.008869195991842996
0.009757079540661828,0.018436066049862074,8.227143108731515E-4,0.008762114418844157
0.05027709114535323,-0.025000000000000005,-0.013028569532443475,0.009406225223994355
0.05011597440088001,-0.018447278741036157,-0.015014133221053674,0.00916448150985397
0.043307757248996256,-0.025,-0.012400754633480615,0.009275343458948504
0.046217881664897514,-0.025,-0.018831543134147206,0.009385620258822983
0.03565239494817029,-0.025000000000000005,-0.012226727166792503,0.009156321889400734
0.041254806177214054,-0.02092781919070029,-0.010274885514458954,0.009100955000141964
0.04387686515623514,0.015947553245692192,-0.013369665404427907,0.008982296628552865
0.03450136575585577,0.025,-0.012159692755436699,0.009150913519236461
0.037313305407333484,0.01875,-0.009242853585146394,0.008996346048605918
0.03774057847346458,-0.015032405867926963,-0.00801428452603732,0.008931491628706193
0.0280196443563575,0.025,-0.012507884271845758,0.009081510674963844
0.029666830285789404,0.01875,-0.009430729020769682,0.008899022652381954
0.03905455108280983,-0.025000000000000005,-0.018730345508670136,0.00926402198430323
0.04523019644586061,0.025,-0.018839397947562085,0.009358261256962616
0.03355597271330807,0.018096809087494132,-0.01715359648996444,0.008863362302956285
0.03851922088818625,0.018686867070547657,-0.01911290503375707,0.008912631864576564
0.038313240069801385,0.025,-0.018616626417663318,0.009258418126803716
0.041999999999999996,0.025,-0.025,0.00923666109824354
0.03500000000000002,0.024999999999999998,-0.024999999999999998,0.009138806786604522
0.057949200899532684,0.005557605529085631,-0.01629317267564855,0.008974706051543553
0.07,0.006246845811205282,-0.025,0.008904688184545095
0.06158967087726493,-0.01784537367882358,-0.024999999999999998,0.009101422403983957
0.059085312457695105,-0.003130895615977437,-0.0163258634388713,0.008978252194766154
0.06999999999999999,-0.006246845811205273,-0.024999999999999998,0.008906082865354926
0.04899999999999998,-0.024999999999999998,-0.024999999999999998,0.009336799155097804
0.053398730783398185,-0.016000616197028472,-0.025,0.008822728972369865
0.06177651390742034,-0.010150905000900497,-0.025,0.008773369672204542
0.05093005605794518,-0.011824790094866184,-0.02000706661052684,0.008823938903358433
0.04864822476089803,0.017425115530303535,-0.019648787738293778,0.00900008510833545
0.048999999999999995,0.024999999999999998,-0.024999999999999998,0.009342498087848405
0.044793343276314956,-0.019312315605034353,-0.025,0.008864067246341045
0.0529635288751777,0.01649452858419667,-0.025000000000000005,0.008835926820041773
0.0624985967956989,0.010964315577271525,-0.025,0.008811082020996439
0.06083577926965976,-1.9400590346641683E-4,-0.025,0.008593851171394145
0.041999999999999996,-0.025000000000000005,-0.025000000000000005,0.00923267014104923
0.03137264963683761,-0.020131999010882494,-0.014030349110104978,0.008953558209406524
0.028532978889465398,-0.025,-0.01248565147607024,0.009088215528971407
0.03189528003434336,-0.025,-0.018728927927440193,0.009193473094450568
0.031500000000000014,0.025,-0.018852570087532074,0.009180583732804712
0.024797114973534262,0.018096809087494132,-0.014189686500780722,0.008808634009843167
0.02079552459025377,0.025,-0.012688806439295881,0.009022330507867405
0.024500000000000008,0.025,-0.01885257008753207,0.009112110193353933
0.02923210072002755,-0.01875,-0.009317872482174836,0.008896123960385085
0.025189915028049098,-0.025,-0.007089268149744143,0.008976703979065062
0.02110382440591286,-0.025,-0.012322659851330907,0.009003597671738112
0.02415754465454937,-0.01875,-0.005380677133074413,0.008852694668068128
0.024654081983492296,-0.025,-0.018788458463797973,0.009115703272735193
0.026006455266569372,-0.01821299040312166,-0.017181752603968845,0.008787479204228659
0.022086236451542722,-0.02169957334396348,-0.01674927765129786,0.008922233861044597
0.017601906211525686,-0.025,-0.018847341045834118,0.009059997410703855
0.018383866758509036,-0.025,-0.004611260777869393,0.008900763300587616
0.014810501936100576,-0.025,-0.011992842549557868,0.008967597919774011
0.011078880232070307,-0.025,2.3496427632050537E-4,0.008845329556269554
0.016261339453517987,-0.016948989849048378,-0.006086205916703482,0.008760996470321547
0.011031854593361914,-0.015625,0.0017048535816678407,0.008721080869313249
-0.0014896585339549684,-0.025,2.753153705549738E-4,0.00882332334514337
0.003113168330942365,-0.01875,-3.552519301462854E-4,0.008749093194082137
-0.003221034255542779,-0.025,0.006070274871832863,0.008851993556878678
0.004809267552851382,-0.025,-0.004430116552363632,0.008848108753849393
-0.0033065557581397065,-0.025,-0.005684832477399104,0.008852454373800212
0.022502787371631434,0.0125,-0.006381133124531122,0.008726031429174113
0.018946420330311232,0.018423404543747066,-0.010030925295874958,0.008801206963569064
0.013831708514912448,0.025,-0.012286519120713123,0.008971804144482969
0.013095725687088207,0.01875,-0.005872164090969196,0.008779332292196497
0.019063298428791533,0.019026501651973098,-0.017209700911199072,0.00876475114225283
0.017192853896069657,0.025,-0.018831480708019065,0.009080464066315935
0.010356772899518151,0.025,-0.01879963870690305,0.009035407030093388
0.006885910625148858,0.025,-0.012289702497742826,0.00895608226769554
0.0075686264273654436,0.01875,-0.009130126915364007,0.00875653883933009
0.0030142841917397273,0.025,-0.006068362308031315,0.00885892196070257
-3.4518142569334165E-4,0.025,-0.012299816000548032,0.008937143062102028
-0.0034710799554613925,-0.019551202543051316,0.010816048728590441,0.008769388622850071
-0.006929621863098409,-0.025,0.012294594116590578,0.008948481145472947
-0.010567885727147092,-0.025,0.0064296964866873765,0.008879925298951027
-0.0042414790654912524,-0.01845833575518127,4.425849499492603E-4,0.008746643533224402
-0.007675724253453888,-0.025,2.9235563327004166E-4,0.008831749077439643
1.6905724603332633E-5,0.024999999999999998,0.024999999999999998,0.008959258709668396
8.15019706212547E-6,0.019062203031212123,0.025,0.00851318120019289
-0.006981403702936346,0.025000000000000005,0.025000000000000005,0.008957216088855609
-0.0037417479597610243,0.025,0.01888384667595091,0.009028081006257576
0.0144031453918193,0.00546713447625696,0.017257362166753706,0.008353426324158315
0.0074616173839852345,0.01260857207486741,0.019727053554489952,0.00841281223117212
0.003667277120613318,0.003981130473250924,0.025000000000000005,0.007978102715534773
0.0019701739271318908,0.01161867803080216,0.025,0.008131151011822376
-0.010587608292724801,-0.025,0.018581634650471628,0.009037743117288742
-0.0071543669740524035,-0.019551202543051316,0.017071728617909825,0.008740943283251933
5.798933713491924E-4,-0.006508881347248689,0.025,0.008000231670815502
-0.013979713130476005,0.024999999999999998,0.024999999999999998,0.008986525631791932
-0.011523795154031517,0.018960109113321355,0.025,0.008527225638009171
-0.010818806180701801,0.025,0.0188933205074747,0.009037455005615022
-0.005649673708059292,0.020027256226757526,0.016828061815314727,0.008762269162462415
-0.007590555054401024,0.025,0.012964870904554525,0.008957650831560932
-0.005373628365935492,0.015581730617052057,0.025,0.008308828504077787
0.003195806344787957,0.01697580401783377,0.01391932256240795,0.00867143183173411
0.002629198628571713,0.018774815250709544,-0.0015785259856061842,0.008748893070133336
-0.004439625170175918,0.025,0.006680472016154649,0.008864810396757109
-0.0018324913772854194,0.019828925589203728,0.006945605509153021,0.008768291237288136
-0.0018553368147193189,0.025,2.6694116838654747E-4,0.008821108300710683
-0.020978022558015674,0.025,0.025,0.009016062072867561
-0.017646182928163064,0.025,0.019209811494911876,0.009067034603284532
-0.016965104795482352,0.019013801226164917,0.025,0.008550725050491136
-0.013794473034070952,0.025,0.013948713058947189,0.00899787574627335
-0.01080468994523158,0.025,0.009142891060496296,0.008912126724622702
-0.010187030246542566,0.020780697525481544,0.009595751963868,0.008817412117198383
-0.014013524579711915,-0.025,0.025,0.008976177108064653
-0.01046387947219057,-0.014764266401903214,0.024999999999999994,0.008291344199969575
-0.003721125655380006,-0.014102405086102629,0.015561822585348021,0.008558637718720652
-0.021011834007247918,-0.024999999999999994,0.024999999999999994,0.009028367864784866
-0.017500940834645873,-0.025,0.018871504928680297,0.009069099089837718
-0.018749116814676076,-0.019066557955212737,0.02500000000000001,0.00857054563211311
-0.014172034870329284,-0.025,0.012681284861820255,0.008985412515647202
-0.021201657362556615,-0.021307893549175713,0.01685987985893034,0.008894973060857476
-0.014299199991473747,-0.01980831099916573,0.017916834844335126,0.0087638473756886
0.00787054318384122,-0.0045031149144481,0.012672708227371373,0.008452016557799957
0.007233030517845067,0.019953230707671077,-0.017142457186697824,0.00876003779249667
0.0033608001582782904,0.025,-0.01871341003750384,0.00902244394867718
-0.004378689750734827,0.025,-0.006134450697833881,0.008860024800480357
-9.591972955040485E-4,0.018774815250709544,-0.007936192755345458,0.008750809512620705
-0.007453787398529491,0.025,-0.012469788947242037,0.00895731512495258
1.74368295946548E-4,0.019953230707671077,-0.01706007534624799,0.008754069129593003
-0.0037605515442788867,0.025,-0.018634875026003382,0.009016372223775772
0.04216414739254492,-0.016855638381400573,-0.015294589982596696,0.008965410397848256
0.03499999999999999,-0.02500000000000001,-0.02500000000000001,0.00913486466849292
0.03849341821782996,-0.018027996043529976,-0.025,0.0087027372295848
0.04490845787509966,0.01923705305548956,-0.025,0.008850128932443175
0.02800000000000001,0.025,-0.025,0.009071879164871347
0.0313720387337302,0.017833592263152773,-0.024999999999999998,0.008596311900179109
0.038510518053711654,0.017852361790806237,-0.025,0.008660712773986964
0.038725201706571094,0.012373734141095312,-0.01960918364985082,0.008655477116913272
0.05241300636232603,0.005193189615561027,-0.025,0.008449913265049977
0.04814493575928058,0.01057037143062661,-0.019184832702213956,0.008766671867574117
0.044018007035476585,-0.011289114964144621,-0.025,0.00844532764642188
0.04908106536204632,0.0025965948077805133,-0.012746168037137736,0.008866324634519909
0.041450847631775624,-1.432155086497841E-4,-0.025000000000000005,0.008214749336114364
0.05174413771501035,-0.005202301448696212,-0.025,0.00843828548999792
0.044578600970337924,-0.006018886495361048,-0.01782768866498718,0.008661885492198238
0.035094623341998074,0.00988723634997652,-0.025,0.008281088657736526
0.038939885359430534,0.006895106491384387,-0.014218367299701648,0.008700917077098719
0.028798705356814756,0.011193618174988262,-0.015690566562265564,0.008613360198223894
0.04436066972503265,0.011378649525087922,-0.025000000000000005,0.008448530493162123
0.027999999999999997,-0.025,-0.025,0.009075016192089592
0.031303022882470874,-0.017562582945147835,-0.025,0.008584540340218005
0.03421232038420982,-0.015263998021764992,-0.015575046744139717,0.008794339171709034
0.02445047726222318,-0.0192827939440275,-0.025,0.008623972738735055
0.024786434548703183,-0.01035196161248663,-0.025,0.008190604458654197
0.027255101504019014,-0.011984422932001748,-0.015820295687168227,0.008623034563768386
0.021,0.024999999999999994,-0.024999999999999994,0.009023857513379063
0.02474487991480697,0.019817475871378852,-0.025,0.008660965514738722
0.021000000000000008,-0.025,-0.025,0.009024662494346454
0.01767189472447448,-0.017087292691781476,-0.024999999999999998,0.008446872508081236
0.013999999999999999,-0.025,-0.025,0.008964990954507715
-0.02150645641304633,-0.025,0.013092379475194363,0.009029876494718137
-0.02454065955010813,-0.025,0.018849062506824367,0.009111405297060867
-0.028184816278435793,-0.025,0.012975016603474297,0.00909279987442773
-0.024870865988425087,-0.01912435743976809,0.015096540504365602,0.008841013524268599
0.007000000000000022,0.02500000000000001,-0.02500000000000001,0.00895624906226174
0.014000000000000026,0.025,-0.025,0.008965403863325123
0.017886218902842064,0.01732477686580823,-0.025,0.008457288112567865
0.020933742961513402,0.01305300330394619,-0.01558792111437908,0.008597821921776785
0.010627037557039674,-0.025,-0.018385473253648192,0.009024691273168253
0.01792192465294143,-0.014484530886779558,-0.018626930364505398,0.008535978271078482
0.018616931096459018,-0.018883872833553122,-0.013290819058074962,0.008793282717427756
0.01098003451297187,-0.025,-0.0067055992496015265,0.008887729930507493
0.0070741867892324395,-0.025,-0.012325490504667247,0.008946216241088108
0.011587818094293593,-0.020073989849048377,-0.00939228862494521,0.008802987831259396
0.008365134252486608,-0.015147979698096753,-0.00679173470033255,0.008696405748741465
-0.010729665516338995,-0.025,-0.005544600168996789,0.008869226838542403
-0.006735949926075184,-0.01863870369724085,-0.005594132150419157,0.008755560358759882
-0.007170048355278111,-0.025,-0.012048742388089291,0.008941836540670075
0.001882381907798826,-0.019154502904952943,-0.007695288546909667,0.008758026165013854
4.792854303126287E-4,-0.025,-0.011498708384074512,0.008935558358340109
-0.002261006348529021,-0.020112922426787104,-0.01356722849833294,0.008781811689254945
-0.0031865743378975547,-0.025,-0.018369223551157207,0.009014984936802969
0.003664612194908469,-0.025,-0.018483168568362122,0.009020293154108724
0.010466229087055315,0.016473824922428604,-0.025,0.008390437965299298
0.012700480042825764,0.014044434685758776,-0.013792662792546309,0.008624200063675575
-0.010131595164976512,-0.019499450494615395,-0.012736130707096487,0.008773989756265982
-0.013941409383259787,-0.025,-0.01227138859787117,0.008964211374819415
-0.010473156581390069,-0.024999999999999998,-0.01876453474431258,0.009029863659149026
-0.011463460941270334,0.025,4.157324428339104E-4,0.008845946765222075
-0.017781546309256886,0.025,0.007764975021148991,0.008923456749493758
-0.010816082257326026,-0.016955358042634178,0.010725556216695326,0.00872048635978967
-0.018126702721661298,-0.025,0.006638479053975672,0.008919514304301176
-0.012996552273185018,-0.019586739849707706,0.002468048042574639,0.008788945559812201
-0.01534358498460614,-0.025,5.171316042239353E-4,0.008861281699260298
1.1197938894805565E-4,0.009072008440325819,0.01589831717556192,0.00842310488726008
-0.004117765884787225,-0.0032048101722052533,0.012790796855207922,0.008444608814736665
-0.005188699603857736,0.004454361953388809,0.025,0.007976643201422785
-0.01106427878750496,-0.008910716085268352,0.015021415946703271,0.008468584453058193
-0.028010143434783943,-0.024999999999999998,0.024999999999999998,0.00907103288296599
-0.025834744561902195,-0.017952985646740534,0.024999999999999998,0.008552859142531828
-0.01827900264328089,-0.014740216297509722,0.017283512237048458,0.008599020420758718
-0.012952017417619154,-0.002590085051697756,0.025,0.007976794240990251
-0.013314401701771802,0.019992693986875948,0.01795963304968491,0.00877240109962155
-0.014340630286103447,0.01076276597180531,0.024999999999999998,0.008151781866057055
-0.010526310070297891,0.013399935315024588,0.017790480816289585,0.008508303093060632
-0.019899726418673006,0.01947810076291045,0.017053748298097696,0.00880285780269679
-0.02458118937297696,0.025,0.018865538910934253,0.009116464228780109
-0.02144931928258108,0.025,0.013199136605247859,0.00903258623020281
-0.00787484588796784,0.018669730856324337,0.002861740952764273,0.008758180613901724
-0.027976331985555356,0.025000000000000005,0.025000000000000005,0.009054858121444171
-0.024576234304076815,0.0154124030516418,0.025,0.008410748934382352
-0.03187416351405031,0.025000000000000005,0.019523467029554778,0.00917635602924342
-0.01676238927418002,0.01875,0.009372041630757113,0.008796288978183719
-0.024231512681522124,0.025,0.008940322490675211,0.008985770689549637
-0.024900891160023513,0.01947810076291045,0.014208432268231264,0.008858709270064543
-0.02764851241086408,0.025,0.01351917943517901,0.009089314614362128
-0.02174510971999859,-0.00895027961059504,0.02500000000000001,0.008119972489324149
-0.032537982610454305,-0.02002249756185705,0.025000000000000005,0.008744847363529786
-0.030415286291526893,-0.017648231175977757,0.01839828480256497,0.008779557326340351
-0.03326028356491445,-0.011505993601911721,0.025,0.008305909735439383
-0.020081452020760244,-0.01891954111231544,0.010728681075730977,0.008817380878243894
-0.024818866580440163,-0.025,0.00848566731103958,0.008991520146109237
-0.01588363185527185,-0.018044970043035992,-0.0036863591087076893,0.008779568331009286
-0.017862060370379695,-0.025,-0.005751251457227928,0.008904668343913395
-0.022234185697817394,-0.019372373459644907,0.002234391647996544,0.00884189526019449
-0.03145522596512562,-0.020100288311140985,0.010577308302563036,0.008952074810338306
-0.03497464141309502,0.025000000000000005,0.025000000000000005,0.009161483911495958
-0.03865175803396193,0.025,0.019375149473666545,0.00928094057370778
-0.03498333402562504,0.019303252017038842,0.025,0.008727085011260086
-0.04197295084063469,0.025000000000000005,0.025000000000000005,0.009228836978439528
-0.03179155126035116,0.02134882989277002,0.010900175558031515,0.008988848441931142
-0.031200155920044187,0.025,0.007191663229102458,0.009033374883567017
-0.035264966556325064,0.025000000000000005,0.014132797859302139,0.00917927849506048
-0.044318538322766,0.016779393521906327,0.025,0.008708420332572648
-0.0489734880130363,0.025,0.025,0.009337368262332082
-0.045006586521553496,0.025,0.019135605433821035,0.009338198310368626
-0.05135758400852117,0.025,0.01861579191555955,0.00948115227362744
-0.05597817394013583,0.025000000000000005,0.025000000000000005,0.009478892165656205
-0.05283536397495896,0.01610857720697614,0.02500000000000001,0.008817124725319885
-0.010948354398191907,0.025,-0.008261872556082003,0.008905218162843377
-0.018005097930605462,0.025,-0.006732369957595645,0.008918896232974868
-0.014456432324153865,0.01930845376384735,-0.008883047599360192,0.008796386569269017
-0.01397669857055539,0.025,-0.01320718175942697,0.008989045656367555
-0.010584143968631572,0.021129175117260795,-0.015527723802505975,0.008832641961980116
1.3444106938820255E-17,0.025,-0.025,0.008952857827319008
-3.276595723806022E-5,0.017312922830684307,-0.025,0.008408559577187813
0.004109288136171983,0.014906461415342154,-0.015485275666492595,0.008587062675201526
-0.010487624549589524,0.025,-0.018765132323073787,0.009030576298460236
-0.006999999999999991,0.024999999999999998,-0.024999999999999998,0.008944573519646655
-0.01971864909184823,0.01930845376384735,-0.011155550622703105,0.008823783598340462
-0.021472787933580643,0.025,-0.012806878602767828,0.00902667314989529
-0.02446256372417956,0.024999999999999998,-0.008576644604005666,0.008985350666851346
-0.007892322284106993,0.01618345376384735,-0.008692592943207579,0.008705679493274221
-0.007191589366707751,0.017258350234521595,-0.01784826584558498,0.008622459945293582
0.035034553630385754,-0.009633117048310595,-0.025,0.00828683686820623
0.035031393717543095,-0.0048165585241552985,-0.01561902697578388,0.008575281353733515
0.030203947288854602,3.911995521670847E-5,-0.025,0.008089458312953133
0.02291746125730279,6.630253411553513E-5,-0.015447719275983422,0.008440274500850328
0.025078891637129123,0.011207117770567147,-0.024999999999999998,0.008214773795596146
0.020954694396204135,-1.5176397477793121E-4,-0.025000000000000005,0.007984302266784727
0.015148616426288418,-0.008164882191655065,-0.024999999999999998,0.008079012224370115
0.012983382641719849,4.7944524155491E-5,-0.024999999999999998,0.007958187141058226
0.00857463647549499,-3.8994803158118546E-4,-0.013718345027618943,0.008402914527962322
0.015448220236685458,0.008107898004760812,-0.025,0.008084225036994214
0.009821697135940482,-0.016841918792387015,-0.025,0.008395915333331092
0.007000000000000009,-0.025000000000000005,-0.025000000000000005,0.008948972496353558
-0.03446117675400316,-0.02132411558798888,0.0185822942109225,0.008999707723591353
-0.03850100339070918,-0.018382143485118237,0.025000000000000005,0.008714236759161945
-0.03500845286231996,-0.025,0.025,0.009151943907169202
-0.031647401839712416,-0.025,0.018827622599039952,0.009180265137912601
-0.03497198227694173,-0.025,0.012553841510828686,0.009157329263916917
-0.024461003609230064,-0.025,1.4992894565901693E-4,0.00892443193250862
-0.030979834422558975,-0.025,0.006341104172061256,0.009023816686513373
-0.038507067216479424,-0.025,0.018766303619280028,0.009267360503641785
-0.04200676228985596,-0.024999999999999998,0.024999999999999998,0.00924528682065261
-0.017626190239589386,0.025,-0.01898659809899999,0.0090539312234251
-0.06298701044933024,0.024999999999999998,0.024999999999999998,0.009654601614327593
-0.06474544671903223,0.025,0.02043905055537089,0.00977245956938737
-0.06278100102840779,0.016518431883901757,0.025,0.009058206446088448
-0.07,0.025,0.025,0.009829163271795406
0.005810643835242423,-0.01494155603296916,-0.015391087226457626,0.008595267384518752
-3.469446951953614E-18,-0.01664148505133435,-0.025,0.008374117425160543
-1.0842021724855044E-18,-0.025,-0.025,0.008955028549163226
-0.006999999999999993,-0.025,-0.025,0.008948040584418025
-0.006022952537000876,-0.016924900866219835,-0.018603040247930042,0.008590471687430436
0.004597616961525226,-0.005786711126392112,-0.025,0.007991394479266497
0.0050600296942927316,0.006762085944529102,-0.025,0.008013229505442618
1.1186976213532719E-4,0.0070644967361119014,-0.017061656665166576,0.008348444687494905
-0.017196179441383352,-0.025,-0.018834533687610212,0.009063765187565277
-0.01803380828208121,-0.02098890566317069,-0.014849663723935624,0.008859581150885512
-0.020771619805375976,-0.025,-0.012686330658578986,0.009011927738125716
-0.024465914958436575,-0.025,-0.007392231053301765,0.008977374809520258
-0.01946940816415551,-0.017139262593431476,-0.009928742618419516,0.008770903518659971
-0.010239263364609985,-0.01723212660972019,-0.025000000000000005,0.00841513864856289
-0.014136535823345595,-0.019110516136445443,-0.019924831861967814,0.008696303120883394
-0.014,-0.025000000000000005,-0.025000000000000005,0.008976470638923604
-0.01766079771956542,-0.019157516315319957,-0.025,0.00856039681267743
-0.02099999999999999,-0.025,-0.025,0.009010711037385764
-0.024499999999999994,-0.024999999999999998,-0.018852570087532074,0.009099639903477105
-0.023906144043601866,0.025,6.260643637024041E-4,0.008920576878594834
-0.018867701722447273,0.01875,-9.684998775143055E-4,0.008807780906388845
-0.01634116146595412,0.004954957474151122,0.014897685101283517,0.00843736683341642
-0.025544689174793137,-0.005916792532194309,0.01737962810234483,0.008426373803081474
-0.023707058500303173,0.004580610416533855,0.025,0.008065835859253672
-0.022153269909182947,0.0139562015258209,0.014897685101283517,0.008653736234829361
-0.030189628198421758,0.0163375692613078,0.015828824823264663,0.008779168829933856
-0.03516977398595238,0.01076328351198634,0.025,0.008305874164839893
-0.038879373933762104,0.019293678273246604,0.015659068962817466,0.008994103167622131
-0.04087888911451566,0.025,0.014925260454689851,0.009256681309116133
-0.02783244781206366,0.015098829892770019,0.006538270941725527,0.008816081628897148
-0.03962975615532676,0.025,0.008874537424329677,0.009164112593588543
-0.03138741330094852,0.01875,-0.0028262386720014033,0.008919896252239167
-0.03445024291030777,0.025,6.467157978745745E-4,0.009028348610607681
-0.03137148342162225,0.025,-0.006089713538910377,0.009026395414054898
-0.031890141722627004,0.018749999999999996,-0.00946768386248872,0.008924388777816056
-0.027993246299831954,0.024999999999999998,-0.013046235628392536,0.009093214824213179
-0.035455699753664735,0.024999999999999998,-0.01263617458310006,0.009164143160803603
-0.03656846009886268,-0.020873812977303688,0.009246503303488026,0.00903393860439349
-0.03393822447951064,-9.291731189436658E-4,0.025,0.008136540530964177
-0.035854704172410386,-0.012936936173379904,0.015487024141239068,0.008757620348007398
-0.04635922743616716,-0.009318515565080794,0.025,0.008420505564021834
-0.04022345814791176,-0.018548111845478707,0.016008939722070105,0.008983773787647363
-0.03730362438957146,0.004733073226068204,0.01718534006633279,0.008556116745905697
-0.02726511892891735,-0.01352053519076966,0.0041757936535673805,0.00879043110600616
-0.028021098995290386,-0.025,-0.012513590562883509,0.00907868209086769
-0.026271487585503833,-0.01780345940575115,-0.011164496902479594,0.008831138716923415
-0.027740857132375774,-0.01802433678214978,-0.003944486962566475,0.008869123926293028
-0.0342000839846914,-0.01636006096542868,0.003371568216710673,0.008922356178453281
-0.03201189743017888,-0.020482725488330265,-0.010789523431241252,0.008966557541923359
-0.0345010959434708,-0.025,-0.012164977707991811,0.00914320693470503
-0.030585163241135933,-0.025,-0.005747072383983698,0.009018435198383658
-0.03340569812309131,-0.025,2.696343255731426E-4,0.009017048507788618
-0.03938565727345872,0.025,-0.006119639463479775,0.009132007773716271
-0.04786184264353213,0.0053799645819685785,0.025000000000000005,0.008370817820120826
-0.04249378131119914,0.013587356546493203,0.01718534006633279,0.008813074565207706
-0.03593459010983823,0.017697659785540037,0.00828117168088402,0.008953875645585857
-0.04657599615372422,0.025,0.011981825346523589,0.009323121314655925
-0.04362251022667825,0.017697659785540037,0.010676252739594586,0.009056156740495995
-0.05923166095674053,0.025,0.01981976797393338,0.009638303546230634
-0.05862713674361284,0.021129735566748395,0.018770761632025908,0.009409034333757154
-0.06313072599866765,0.025,0.013114328540858691,0.009701664030480787
-0.06329986621464903,0.018640862009960787,0.017748353463341172,0.009420912821251863
-0.049258424607270736,0.015175183969777281,0.015760408003292415,0.009022763847239778
-0.05816108004520988,0.009229186410245317,0.025,0.008679126782269333
-0.054592983977116635,0.025,0.013601546598612726,0.009487934487354006
-0.05936821438458616,0.015154581298146395,0.016424753410382204,0.00922192722876045
-0.045100477442631966,0.025,0.0029639724788243435,0.009194119174369705
-0.05174043189928853,0.025000000000000005,0.0076059789974316635,0.00935681394761274
-0.024613895994313916,0.02084500320427088,-0.015341920492025932,0.008905300171753427
-0.024499999999999994,0.024999999999999998,-0.018852570087532074,0.009110336059971474
-0.014124408714363003,0.017258350234521595,-0.018024127382083283,0.008654336687086954
-0.013999999999999985,0.025,-0.025,0.00897422204657841
-0.007191924055905772,0.004467630110778796,-0.025,0.007950326017134145
-0.007165180250643824,-0.0024960172166999185,-0.015741766284390318,0.008356667831438503
-0.010244825378230033,0.01602460120280895,-0.025,0.008345059069215625
-0.02123454568879588,0.01669000640854176,-0.01763760535565933,0.00867151666129644
-0.010622627189136615,0.009516700469043186,-0.017061656665166576,0.008418247330142103
-0.01717379792329908,0.01845866635544375,-0.024999999999999998,0.008516970357229741
-0.03826657990832785,-0.025,-0.005854837271516873,0.009118848530311646
-0.04599261437241337,-0.020866465554077132,0.024999999999999998,0.008958221754125743
-0.04569608463996824,-0.021246345868180132,0.02002275290984398,0.009143284981540649
-0.049005071717391976,-0.025,0.025,0.009360865882476182
-0.05346978082976002,-0.018810510131871863,0.025000000000000005,0.008971384189410606
-0.05040150524751362,-0.01614774556821445,0.0177415411543447,0.00903026059598226
-0.04553026851910087,-0.025,0.019043654769144422,0.009371492773116346
-0.04229133725987472,-0.025,0.012392169249512641,0.009252303309302438
-0.038390155057593245,-0.025,0.006390787526139358,0.009120018839485062
-0.040277143639726024,-0.025,2.6175349502110395E-4,0.00911365452430092
-0.07,0.025,0.017534978216318917,0.009924303099644436
-0.07,0.019242343648560596,0.019559437814794307,0.009606785305560361
-0.07000000000000003,0.016807407505814092,0.025000000000000005,0.009266281773502283
-0.05223715426350642,-0.025,0.019408376470240407,0.009488836885627992
-0.05600338114492798,-0.025,0.025,0.009491045704521648
-0.05559871553329417,-0.025,0.015126603059801604,0.009536774169850356
-0.05557395857116721,-0.020220559824584462,0.01857495881229256,0.009297114191802723
-0.05883990976432101,-0.025,0.01991751756164887,0.00962131836701592
-0.06300169057246399,-0.025,0.025,0.009660773709714516
-0.06301112963504214,-0.019453213715986073,0.025000000000000005,0.009238181853759228
-0.06442537521857042,-0.025,0.020170112393434518,0.00976245104904202
-0.020999999999999994,0.025000000000000005,-0.025000000000000005,0.009008366060328862
-0.0315,0.025,-0.01885257008753207,0.009162838646010642
-0.07,0.025000000000000005,0.009227750251188153,0.009828915805303998
-0.07,0.018473868674984427,0.01297266711627023,0.009665310314470182
-0.07,0.011704217987801456,0.018395054730329895,0.009349569247374597
-0.06999999999999999,0.006300615357682059,0.024999999999999998,0.00890028470102096
-0.005415517553344592,-0.010208675534947816,-0.025,0.008116033529115848
-0.002438020860573694,-0.010562750038900684,-0.011653947612234601,0.008548940667132444
-0.011620311765985237,-0.014250525813582398,-0.015558090508102657,0.008585679641128273
-0.0315,-0.025,-0.018852570087532078,0.009173158374907828
-0.038822768210848166,0.025,-0.018794193808605857,0.009268737938625244
-0.038019918530160415,0.019101787709804842,-0.014132747225217242,0.008993821319263852
-0.043008588684951055,0.025,-0.012668806429164015,0.009278438097354255
-0.028344682663228756,0.016121662582561928,-0.01725108332923538,0.008713972900710413
-0.027999999999999997,0.025,-0.025,0.009054572302038105
-0.03358372543703846,0.020560831291280963,-0.01802263856892062,0.008957196209197523
-0.022126207180902635,-0.016977811326341376,-0.017427938850000078,0.00869782757321384
-0.014617883955127248,-0.006443845160170212,-0.013836681188753691,0.008482010762809796
-0.0174498340962436,-0.008854362495275582,-0.025,0.008099568267860882
-0.024669389358918218,-0.01687186152456925,-0.025000000000000005,0.008468482568980092
-0.027999999999999994,-0.025,-0.025,0.009062041738826528
-0.04189348146493092,-0.025,-0.01211741574826996,0.009244195519532851
-0.038163462973170144,-0.020430868896333474,-0.01461737307794637,0.009043586096218515
-0.038309708576799856,-0.025,-0.018617519881777227,0.009271649130752811
-0.030336042611992797,-0.01641865625061489,-0.0170327281497995,0.008760483906321503
-0.03257131766373214,-0.01798480736181155,-0.025000000000000005,0.008625066557424248
-0.057393517415307085,-0.020220559824584462,0.013065971145905173,0.009387559922505326
-0.041320474046882695,0.01866280880128743,-0.0020414078535729084,0.009051644870647548
-0.04831183887955243,0.025,-0.006449299109715879,0.00927907084283766
-0.06145120635507189,-0.010588768187403737,0.025,0.008767419025547257
-0.05908724634228639,-3.2671675319251303E-4,0.025,0.008562184332222802
-0.05694882123245014,-0.00587787116777214,0.017741541154344703,0.008896065469739216
-0.07,-0.006331764414413424,0.024999999999999994,0.008903970557021463
-0.05891076287882801,-0.015441119649168921,0.017741541154344703,0.00917816717993629
-0.04391212157842772,-0.01579273247760861,0.009072655868182278,0.00902926150731037
-0.04129412205329388,-0.008225641170782052,0.012575763479913167,0.008792450928147537
-0.03600269586506737,-0.015965450976660526,-0.009065456299598993,0.008916216961551707
-0.03953905406276323,-0.01707540372985878,-0.0029470313858566063,0.009001438543712383
-0.045313063698573484,-0.020430868896333474,-0.01479304101301011,0.009150949243558413
-0.044829957445471795,-0.017861671678691786,-0.009139536895801855,0.009086065553514659
-0.04511415941570972,0.018840676552181933,-0.010637129459096173,0.009111516663625308
-0.050374151787952376,0.024999999999999998,-0.013027360740679332,0.009400437567963833
-0.04343566046828707,0.01851666241477608,-0.018705202816428786,0.008983423781130578
-0.046139573555102675,0.025,-0.018728988631718138,0.009386305902968494
-0.05157495128656135,0.004752032669590849,0.011565883478244776,0.00895679822308863
-0.04553960617567152,0.01395449869308349,0.003237147265979703,0.009050849156667325
-0.0629295350380338,0.007030376255503362,0.013603805866728212,0.009202639038980599
-0.06258632193496282,0.01808892573707802,0.008495900819441918,0.009474517273255944
-0.0629362260364413,0.025,0.003975674289277243,0.009583853988625598
-0.057195198290926,0.025000000000000005,0.007790392717658068,0.009474130355622211
-0.05514012214883612,0.01515815850333531,0.007607412626681353,0.009242252153781112
-0.05465210149010935,0.025,4.658685332564923E-4,0.009369470606344386
-0.05146970811827697,0.01881119461006831,-0.0019339888832976319,0.009235513966982375
-0.05614835238365093,0.025,-0.008516063056795918,0.00945385988511188
-0.05899892226478514,0.019088474053849298,0.0015099713646280167,0.009405070546679446
-0.06278398000577179,0.025,-0.004124478784661788,0.009577027835984901
-0.07,0.025,-1.6698538174958477E-5,0.009763229739304354
-0.07,0.017568600129659426,0.003850735106925702,0.009684720117992932
-0.025251254680001254,0.015119564160728426,-0.025,0.008390342617919752
-0.022054146961325734,0.0019866503302477106,-0.025,0.008033697130898078
-0.02355035337759396,-0.009070071305424122,-0.015024666305919148,0.008541589195848983
-0.01640896420825115,0.011666493410391672,-0.025,0.008193579996612422
-0.025189365326457505,0.007243325165123854,-0.01564959657093869,0.008516605106680862
-0.04624315396993607,-0.025,-0.004160168046310862,0.009221528056954626
-0.04792364852196879,-0.014972644369826192,0.0024742781867679586,0.009113026910000302
-0.049278635923681896,-0.025,0.013010813827418484,0.009394100079886124
-0.04594129834518897,-0.02037535000468066,0.013946741925804937,0.009161814834239224
-0.04989419676510694,-0.020396366238804305,0.00873152850282396,0.009235204943312886
-0.046519336502264266,-0.025,0.004797029413709585,0.009234208423511662
-0.05426222733322908,-0.025,8.933438922099565E-5,0.009364090637569673
-0.05555889953443803,-0.019986322184913096,0.0027914158189657895,0.00934078178965446
-0.055876271951786155,-0.025,0.008390401137465642,0.009454277887757712
-0.04880029739427748,-0.025,-0.012516313578119297,0.009363288173508563
-0.05341542579071211,-0.025,-0.007326236242353108,0.009387361688132458
-0.07,-0.025,0.025,0.00984227567703266
-0.06279510792930998,-0.025,0.013347017827152786,0.009683298765327482
-0.06369675870765354,-0.019640596166243245,0.012980951662386424,0.009528071931636664
-0.07,-0.012062219657440774,0.018155694964799053,0.00937194132037688
-0.07,-0.016824305947291646,0.025,0.009263009312633925
-0.07,-0.01965060554318545,0.0196218884366698,0.009616965131574335
-0.07,-8.314313320067004E-5,0.015025215447172918,0.009314440607995017
-0.07,-0.025,0.017522687828921798,0.00991567538885798
-0.041999999999999996,0.025,-0.025,0.009231061253078479
-0.035,0.025,-0.025,0.009156693473095626
-0.049652618885981846,0.02122660254230027,-0.016911951546821277,0.009247025830261721
-0.052476676028578764,0.025000000000000005,-0.019384383397203175,0.009508415271916882
-0.0558355023833037,0.025000000000000005,-0.01506380623774496,0.009540357598598857
-0.0622707329237853,-0.025,0.004274446569666485,0.0095729830149371
-0.07,0.008851584389762641,0.008464500791078822,0.00952812506888841
-0.035,-0.025,-0.025,0.009145871172989008
-0.045230286610395756,-0.025,-0.018839387674963883,0.00937281202279561
-0.035,0.016379795209045575,-0.025,0.008552483652180962
-0.0328867513165568,0.010223450292366773,-0.015639458219136558,0.008642483992611933
-0.030571721480492815,-0.007945181698369302,-0.025,0.008186194778299101
-0.03154189637268352,2.0278726496616715E-4,-0.015151200232386579,0.00853271447662196
-0.0387031304228662,-0.02026086936814312,-0.025,0.008850941567291458
-0.041999999999999996,-0.025,-0.025,0.009240266907228659
-0.04182583000286949,-0.015861737792666947,-0.017069768447900927,0.00889104161453196
-0.038821702560267186,-0.0138618039066421,-0.025,0.008483946876360095
-0.03523673778774843,-0.009475276937647359,-0.014043669488497909,0.008701004044897003
-0.04454096990220458,-0.018723597419415074,-0.025,0.008829708650232332
-0.034868727569988066,0.0051009319535861375,-0.02500000000000001,0.00816651432498064
-0.0414887650579465,-0.005808957445558691,-0.025,0.008269916725273488
-0.042971833009014776,-0.007479882452638127,-0.015568598110992702,0.008735177220732113
-0.04379609652971529,0.007120172621061059,-0.019479787203745685,0.008596290725543892
-0.062445748241165125,-0.018772769573287724,-7.763381619816734E-4,0.009489881610191172
-0.056813367731520036,-0.025,-0.01298509532881386,0.009547584768281473
-0.05705604664100999,-0.019906716668862214,-0.010055828729202595,0.009374551919140377
-0.06323992622355018,0.024999999999999998,-0.013161257304360373,0.009693606841495683
-0.05368917624259276,0.01888030933626863,-0.011402943986253194,0.009268852309764162
-0.07,-5.051277525758725E-4,0.004360270411756739,0.009513782509337734
-0.07,-0.010232958862488477,0.008688879626500041,0.009536888831476555
-0.06240519806130694,-0.01467628762821574,0.0074354271649888695,0.009413586181818208
-0.06198113757146864,-0.005602315720644893,0.006730010232491721,0.009291570755421334
-0.055241527117089906,-0.014972644369826192,-0.0028075694995340636,0.009262250196006053
-0.048999999999999995,0.025,-0.025,0.009351276514723915
-0.045750537286030346,0.019276461713534365,-0.025,0.008878993215705793
-0.051914870199305074,-0.017861671678691786,-0.015750055059578185,0.0091665706411167
-0.04641443582548388,0.010842705260382578,-0.025,0.008468528887812826
-0.050461259061127445,0.013666901174196968,-0.01741064741430654,0.00895213706250345
-0.05914610201640835,0.024999999999999998,-0.0198529575208404,0.009637650745755209
-0.056497066472917336,0.020447309499795497,-0.01897116063489937,0.00932393349472604
-0.05599999999999999,0.024999999999999994,-0.024999999999999994,0.009491021935998083
-0.05997368904863984,0.010247525478681446,0.0019382231898176499,0.009313081852073093
-0.06058624680395685,0.01585252449025763,-0.0074958138318548485,0.009381185171008532
-0.07,0.025,-0.009254563348781343,0.00982829303224019
-0.07,0.017361695872322155,-0.004448636387728754,0.009681659696700257
-0.07,0.008476581282532663,3.8453396740068674E-5,0.009576140161313518
-0.07,0.025000000000000005,-0.017550302899539776,0.009914405588883094
-0.07,0.018610230979677823,-0.013222269648566931,0.009669524555826835
-0.06115509369250652,-0.025,-0.005766665958894458,0.009553716074456804
-0.052436405415994425,-0.025,-0.01907587359906953,0.009505922541233726
-0.07,-0.025,0.009219742845701836,0.009837727272395829
-0.07,-0.017923549674079713,0.004387772021288337,0.009691003619159056
-0.07,-0.01906063250790202,0.012895932178867678,0.009683923778883935
-0.06171886317874337,0.017515016046359865,-0.016247307758234665,0.009359172614564476
-0.06494789774407936,0.025,-0.02045235487540195,0.009778531896323585
-0.07,0.019425444357060326,-0.019695113525485863,0.009603836593989794
-0.05322587818129648,0.018594793287155444,-0.025,0.008950615182459171
-0.0630036677012728,0.020043326237337844,-0.025,0.0092789898138648
-0.063,0.024999999999999994,-0.024999999999999994,0.009656863754990678
-0.07,0.025,-0.025,0.009841772716965774
-0.06999999999999999,-0.025,-3.469446951953614E-18,0.009762383300130843
-0.07,-0.01795740645615109,-0.004572559767002717,0.0096901401052624
-0.07,-0.009890577479304764,-1.4479542498511098E-4,0.009594447268972493
-0.048999999999999995,-0.024999999999999998,-0.024999999999999998,0.009340168074958938
-0.05933461123603204,-0.025,-0.019600003757898332,0.009648522987471838
-0.05746204227722062,-0.018564401793780987,-0.02037502752978909,0.009215658565814413
-0.05599999999999999,-0.025,-0.025,0.009474281601737723
-0.05345870942355815,-0.016501397975114768,-0.025,0.008834793591925981
-0.04542540574448604,-0.012080032475907686,-0.025000000000000005,0.00852262431038756
-0.051393334982615724,-0.010723343357383576,-0.012424236520086835,0.009020666201622956
-0.0511011500724929,-0.006154948402101956,-0.025000000000000005,0.00845578327759983
-0.04858749868717935,0.0017821985683102726,-0.025,0.008339738503800993
-0.0494846255714733,6.916842257660423E-5,-0.011497262720311869,0.008906334669998607
-0.05218179487499758,0.007439881926406765,-0.020201793405527288,0.008735098395958636
-0.06340275670464915,-0.01986646505923821,-0.015044641282527346,0.009517212245248098
-0.06384902550248428,-0.025,-0.014157917263797115,0.009724533337193626
-0.06500885671258085,-0.024999999999999998,-0.02016876225004213,0.009789252852562503
-0.0628682801575097,-0.012931664819511298,-0.0064769647234340574,0.009405091818793171
-0.07,-3.077177956875912E-4,-0.004778839478375199,0.009509548748077721
-0.06034511051804042,-0.007840763220550053,-0.018892710608026043,0.008977889888381016
-0.060279310435975404,0.009796592089459238,-0.025,0.008723756903394157
-0.07,-0.010118433923324711,-0.0088466762877256,0.009541286473599541
-0.05666283221187301,-0.004999616329531214,-0.0068361608739054705,0.009150049681887956
-0.07,0.009561099932120877,-0.008986714760909188,0.009527578454858908
-0.05914608560023765,0.00672907682367973,-0.012498912325115104,0.009125673430075868
-0.07,0.01146768918302499,-0.018416392298568406,0.009342413568165456
-0.07,-0.025000000000000005,-0.009219742845701855,0.00984233219659609
-0.06300921435513615,-0.019267131908870187,-0.025,0.00922601141137618
-0.06300000000000003,-0.025,-0.025,0.009654419443180517
-0.07000000000000002,-0.02500000000000001,-0.01752268782892182,0.009918134671181035
-0.07,-0.025,-0.025,0.009835835185840237
-0.07000000000000002,0.016727481338042992,-0.025000000000000005,0.00926762158909431
-0.07,-0.01890352331806528,-0.013146605912017335,0.009675252958693897
-0.07,-0.019706531712775997,-0.01973628153420464,0.009621480796361187
-0.06257003014884288,-0.011384351857805453,-0.025,0.00883909621680898
-0.05999355354477297,-8.680931033756764E-4,-0.025,0.008584120100753113
-0.07,-0.011770139560369507,-0.018413776696481365,0.00935405403811061
-0.07,-0.01672748133804299,-0.025,0.009260503146945289
-0.07,-8.053220864628202E-5,-0.01547086476188491,0.009298427153397248
-0.07,-0.006246845811205276,-0.02500000000000001,0.008900947110111022
-0.07,0.006246845811205282,-0.025,0.008886713527848701
0.04613421247599986,0.0125,0.002155729304768332,0.009046754880668936
0.055062622529405594,0.011309216961637681,-0.007586345351297094,0.009177258716504487
0.0457491243617666,0,-4.923360742754716E-4,0.008949157577408582
0.035740383334050975,-0.009720193231077196,0.009701555083028304,0.008787480316311332
0.03392566226477532,-4.4035498312546223E-4,0.0063850914615793345,0.008735402623646724
0.026391484297340357,-0.007339597439132759,0.011450123062200359,0.008616547839650601
0.0389664944791993,-0.011324646562683985,5.508502229478101E-4,0.008915658416999516
0.03211094119549966,0.008839483264826272,0.003068627840130367,0.008790962819961098
0.01754073314342083,-5.355167351737279E-4,0.007819006491065999,0.008559217552137208
0.04770635430890022,-0.011894557482072313,-0.010655377329974354,0.008995438403039032
0.04012524505881118,0.0125,-0.006326014414856085,0.008924716320564111
0.035028233804700444,-9.714451465470125E-19,-0.006238053951567759,0.008746216634273087
0.031314016215221306,0.0125,-0.0063535737696936035,0.00881068689344875
0.024210050153009102,0,-7.345980976636348E-5,0.00866344149985797
0.019298681965055433,-0.0125,0.0060040693192876075,0.008706241146932994
0.02701031853934425,-0.011467945653936783,0.002176307732311055,0.00877066803770516
0.029931222550589696,-0.012500000000000002,-0.006150093488279433,0.008797404652948669
0.011487405699358392,0.010142104747873049,0.008757306977999738,0.00860043670259854
0.010984828954653521,-0.00625,0.003174742887015176,0.008602462348623241
0.014607190934533009,0.005360111874683319,-0.0040644985001577014,0.008611854587832047
-7.938966800108406E-4,-0.013042450238974568,0.005366568610869009,0.008653393397569096
0.003679219006510333,0.01367098333697192,0.0041991982812146465,0.008671049063890041
0.010949835862792107,0.01268838566943651,-0.0026116023151558612,0.008677146728611253
0.006313032169811246,0.011822622043586287,-0.006327462643589716,0.008638318176113166
0.017223649195671927,-0.010332441095827533,-0.009497965340356195,0.008622755260317715
0.0022144724748321583,-0.012322300266163985,-0.00379651739840205,0.0086505215282153
-0.0015732131653147553,0.012549630501419093,-0.003572569510142884,0.008652606981579793
-0.007842619854165664,-0.01135194373258792,0.001912973535226224,0.00865212086000803
-0.023879322868974276,-0.014686303429934894,0.015292716099531983,0.00867814021610682
-0.006585563370405797,0.011804786902644335,0.0077279896047211085,0.008621539902134098
-0.011397768560211538,0.012599261002838183,-0.0011745876873005792,0.00868074344720099
-0.027487080155688823,-0.014734995994928682,0.011118592339603202,0.008772576150168307
0.0019386821432334255,0.001700163053537794,3.498755698574411E-5,0.008567923924634733
-0.012819592467250892,-0.0123773978025381,-0.006328340695360765,0.00866564873963995
-0.004836290170022078,0.0073669075276947,-0.009123313330333152,0.00853806303840762
-0.011903985536836022,-1.9371063164617564E-4,-8.660084090423471E-4,0.008591426318721378
-0.021894357648243903,-0.009992109299944495,-0.005031504978362448,0.008693836847902184
-0.019587399431571645,-0.0101564579091321,0.0068636978985983765,0.008665439561736234
-0.019730305514289084,0.0125,0.0047953702025670345,0.008714918856373823
-0.017964510250115823,0.0136169075276947,-0.009504222642638381,0.008687329910642354
-0.01882711404195763,0.0073669075276947,-0.00374035256255704,0.008650461800735441
-0.024927325986371412,0.016183453763847347,-0.00948595325256355,0.00879826356755089
-0.03156090623009518,-0.006563100571124235,0.008700939557157323,0.008711572318605606
-0.01879582664271172,9.365583615478234E-4,-0.010881304352362358,0.00852180233138872
-0.028324583691589272,0.012499999999999999,-0.006299193141877381,0.00878155455805462
-0.029341928595623085,-0.007767667901826828,-0.007133531409016096,0.008718280300450841
-0.028655921083346594,0,4.4784934463777334E-4,0.008709321368972756
-0.0285050928827932,0.007675138522615599,0.01213418261697455,0.008624725807648956
-0.04066902429963228,0.010395319571080076,0.009370680132665581,0.008866219505523614
-0.034496803995610774,0.011447659785540038,0.0015357434953940997,0.008854252115040751
-0.03754047065113343,0.012325617602574866,-0.007046788185970161,0.008878718445184843
-0.05481039612261388,-0.011429025582351768,0.010483082308689403,0.009134819192270839
-0.04098157317646308,0.0010848392001490121,0.010973221806289374,0.008763532766911278
-0.03741551619783078,-0.008722917834366612,4.039650633076267E-5,0.008863620757204404
-0.040584137306656096,0.013203575419609693,-0.015629319867334422,0.008819515606048912
-0.038633051167545555,0.0015036007011844231,-0.008617016160085684,0.00876450644167504
-0.040311283758595905,0.005971773204753228,5.1661300745300976E-5,0.008882624836009281
-0.046409714633497245,0.010171424287941343,-0.006387633622684519,0.008997922172526512
-0.0493279605416733,-0.004945288739652382,1.5152695982633118E-4,0.009036426312255371
-0.04445490096008305,-0.009150807459717561,-0.006137196221985405,0.0089491161091053
-0.053697279078349695,0.003822896293051863,-3.9464719593225147E-4,0.009115605870677775
-0.060061875515872505,-0.014633896149736182,-0.014665662706376537,0.0092629564391777
