X,Y,Z,Bz[T]
0.07000000000000002,0.025000000000000005,0.017378581127377946,0.010772700858595129
0.06474275897934242,0.025,0.02005750147856794,0.01062144645375564
0.07,0.019658156876955067,0.01965700820025587,0.010328277765822177
0.07,0.025,0.025,0.010648912579588526
0.06600771494449753,-0.021450557396313005,0.025,0.010127139370132553
0.063,-0.02499999999999999,0.02499999999999999,0.010432410368483823
0.06491339194410956,-0.025,0.020396243411717162,0.010627514102098664
0.07,-0.025,0.025,0.010658629544339377
0.07,-0.01930268013225072,0.019512754530712932,0.010302934496738457
0.07,-0.025,0.01740550379113342,0.010767089510930463
0.07,0.018932184536558955,0.0127983894935264,0.010411204166551684
0.06377766600758102,0.017958983696938973,0.01784889933241859,0.010068943550387783
0.07,0.012004555099795762,0.018193320831299896,0.009970594405432968
0.07,0.01682674630505655,0.02500000000000001,0.009835148299226973
0.07,-0.016826746305056536,0.024999999999999998,0.009817028322671046
0.061287832851425285,-0.0175808257872401,0.024999999999999998,0.009630892148952797
0.05944071751943251,-0.025,0.019595115198953704,0.010461824113242474
0.05600000000000001,-0.024999999999999998,0.024999999999999998,0.01021576176755363
0.06312238224602014,-0.0187750287296814,0.016259347432829852,0.010133431374772597
0.05689902517757684,-0.017795599623175163,0.016641513445760838,0.009894841130183222
0.05638135650324866,-0.025,0.01444916550530373,0.010319329613492644
0.05257176844414439,-0.025,0.018950754596477146,0.010281545235638795
0.06337634339828935,-0.024999999999999998,0.012836268121157754,0.010472493576160532
0.07,0.025,0.009066132864822647,0.010610680117169938
0.06333289401016062,0.025,0.013033178331038467,0.010491083444377788
0.05882138589318797,0.025,0.019578614916280705,0.01044142613180442
0.055864860523283585,0.02122557495770008,0.018949193913078533,0.010060593420850984
0.05154397650962572,0.025,0.019347712357662417,0.010280571955643277
0.054288024372225005,0.025,0.013870800941968651,0.010262785566492861
0.0629871577408368,0.019182953137625802,0.025,0.009821109051510558
0.05599999999999999,0.025,0.025,0.010251322854119447
0.063,0.025,0.025,0.010441613419664098
0.05323397005090641,-0.021275563738202604,0.011748262211343686,0.010027541741615702
0.04989907181271602,-0.025,0.012061167881256905,0.010140613943645781
0.056790069035339515,-0.025,0.008131412658761585,0.010200240047229798
0.04983783405456677,-0.02090808525833446,0.02101183972934591,0.009846452894280383
0.04900000000000001,-0.025,0.025,0.01010112183120278
0.045731331815850096,-0.025,0.018408382714508918,0.010169279348721699
0.04200000000000001,-0.025,0.025,0.00998628063661358
0.04416048822774735,-0.01997416067964982,0.025,0.009466941132413644
0.06286842109375095,-0.012550057459362813,0.01968242674450195,0.009683247490967172
0.07,-0.01169599213572202,0.01835301375965799,0.009945096101885856
0.07,-0.006324776671824198,0.025,0.009314189249272072
0.07,-0.025000000000000005,0.009094691533898629,0.010607054210434987
0.07,-0.01847840164957537,0.012822259164515118,0.010390591522892229
0.07,-0.025000000000000005,1.7672495411513722E-17,0.010497302036075346
0.06327028711986829,-0.025,0.004028628807808344,0.010299127246617825
0.07,-0.01764123558179484,0.0038030532748319253,0.010401964391185283
0.050873602741501475,-0.025,0.005676062007762116,0.009996339902195324
0.06314463906856806,0.009762088066820758,0.015348143422090914,0.009772394154587775
0.07,4.153491816717356E-5,0.01504812370873703,0.00987666125499655
0.07,0.0063247766718242185,0.025,0.00931757446508661
0.07,0.009825241199855082,0.008365186348622723,0.010197117648892503
0.06539900813293513,-0.0049752700655855565,0.020024061854368513,0.009488769805189347
0.06377766600758102,0.01706154224537459,0.010058356710627103,0.010161207194889872
0.058309553641684025,0.02094998980419571,0.012290473506737527,0.010145662985918388
0.0623035981364505,0.025,0.0036144250347589155,0.0102732038334873
0.0641296010488637,-0.016328207795227825,0.00814902722152282,0.010165940964592703
0.07,0.024999999999999998,-2.7755575615628914E-17,0.01049393450941809
0.07,0.01786327397382631,0.004075922956672889,0.010406359286743997
0.06345246009641363,0.019169621726105212,-3.229176662281768E-4,0.010211239098144257
0.07,0.017787139174063903,-0.004450426379811237,0.01039944262105541
0.06192943731816364,0.010243751973312343,0.025,0.009215016207217317
0.058798486829862905,0.016302114621598585,0.016562091697151476,0.009869985380876299
0.060791612145772944,-5.314121106471948E-4,0.025000000000000005,0.008956425906217478
0.06079801626587026,-0.009992075049338286,0.025,0.009148837817699708
0.041999999999999996,0.025,0.025,0.00998931056934372
0.04455432914490322,0.01996086619253712,0.025,0.009472887207529495
0.04493086196680375,0.025,0.019244438727730594,0.010155271086745583
0.04899999999999998,0.024999999999999998,0.024999999999999998,0.010107921147696276
0.05126475261970291,-0.016081213556932643,0.025,0.009266883474728234
0.05573684218750189,-0.013404122783003607,0.02101183972934591,0.00944660687112232
0.05067566810913353,-0.016816170516668928,0.017023679458691824,0.009693178868313255
0.0582592020977274,-0.015015180008660813,0.012495001168213718,0.009893561134769463
0.05846355836377283,-0.019372205461379216,0.004462229215713461,0.01006944238584463
0.0553525967490067,-0.025,-4.18682699821182E-4,0.01005480016064842
0.054238997563339705,-0.005132432776483034,0.017770418415561852,0.009323484351928927
0.056047877826005156,0.025,0.0069968627848076784,0.010151399179321426
0.05464268478442314,0.018056601037480406,0.010645467722290752,0.009928516296117077
0.0518495471369515,0.018672563995456685,0.01445076025102445,0.00985764706004744
0.04795095594416575,0.025,0.013923145087091436,0.010136606158644538
0.05029664116363583,0.025,0.009604087670793161,0.010078295554598087
0.04720400817897438,0.02035975844774345,0.019349229850722127,0.009795324908116425
0.05175162640021544,0.01620214763914979,0.025,0.009302223912946866
0.038013505678264226,0.025,0.01902225218714048,0.010017273517187661
0.04212813945570113,0.02001274273253497,0.01749524764472517,0.00971553934624699
0.041370826181603176,0.025,0.013338414280133484,0.00999213336953594
0.035,0.025,0.025,0.009864335646109442
0.03825597042711376,0.018382464609674687,0.025,0.009240611389948842
0.031499999999999986,0.025,0.018857405528871794,0.009953989358166253
0.046146398577225065,-0.021275563738202604,0.010773192984758387,0.00987439696744367
0.04220621355588597,-0.025,0.012499027052133127,0.00998564026647179
0.04517728452307633,-0.025,0.00625855550734053,0.009893198979048612
0.049188621013272885,-0.0185905657746892,0.006955596580810992,0.009837727380943037
0.03849553931357169,-0.025,0.006203307025049044,0.009779424313775802
0.04426960414977268,-0.021689996430303976,0.003851790973945194,0.009786049101983876
0.03500000000000003,-0.025000000000000012,0.025000000000000012,0.009885998291455375
0.038443362508064266,-0.025,0.018692859042357922,0.010044414691497274
0.03823308790171076,-0.01919596921470592,0.025,0.009297342995080211
0.04232187841598726,-0.018198520554884655,0.017104817009556558,0.009606925029016626
0.035094264377768594,-0.025,0.012699778708919994,0.0098952742141829
0.04212669326340822,-0.012691827266728198,0.025,0.008896221898563221
0.0346340729267329,-0.018996963015693983,0.01940351984164103,0.009484623038029431
0.03150000000000003,-0.025,0.0188574055288718,0.009948114323142217
0.03160000063958305,-0.020496963641404797,0.025,0.009335696429971344
0.02800000000000003,-0.02500000000000001,0.02500000000000001,0.009811765129382087
0.06999999999999999,-0.025,-0.009094691533898615,0.010610132362665605
0.06290412986658458,-0.025,-0.0044480224301479115,0.010302608518772996
0.07,-0.01738656689270645,-0.00444745840817971,0.010390501810180232
0.06309558624978973,-0.025,-0.013047938956351356,0.010467434769392967
0.06410780949749642,-0.018506720521587028,-1.2157534978158931E-5,0.010220788186114164
0.05821561899499282,-0.019372205461379216,-0.0038273683447882425,0.010062038282795732
0.0479323040536773,-0.024999999999999998,0.0013173907816671317,0.00989238489692479
0.05629419029777951,-0.025,-0.008447782462241822,0.010185565279435925
0.060137047692206146,-0.005030360017321622,0.010540836831123706,0.009742953531362375
0.07,-0.009072779025401672,0.008358492065823663,0.010184102708899792
0.07,5.224555951246282E-4,0.004307488835375857,0.010159815765676053
0.07,-0.008656914082007194,-9.686897204606165E-5,0.010241195271057863
0.04794132029130341,-0.025,-0.005463967235559763,0.009941201893287467
0.05117998695730397,-0.01755112747640521,-0.0033084182662941625,0.009852150369296413
0.06183790224118694,0.009964105386073941,0.007011813193694313,0.009948929778383691
0.07,0.009590980188758334,-1.4067438652866707E-4,0.010265319907791554
0.05574765323886543,0.00764474243017375,0.01413514336482003,0.00956223966013248
0.060324559478054283,0.0026589728447518972,0.0021567104305698576,0.009879199084248672
0.054611494650547376,0.025,-4.725039483710492E-4,0.010042710738237383
0.05642872192572748,0.01714907572182093,0.0027671828487880246,0.009974695956004318
0.04951533166671103,0.025,0.003431581317935993,0.009938766917503566
0.06123737250086114,0.025,-0.006051268733366689,0.010276283057301471
0.06999999999999999,0.025,-0.00906613286482269,0.010613656754390821
0.07,0.01882495508952654,-0.013068802125008043,0.010402248852727265
0.06381445721019477,0.025,-0.014053736228159502,0.010531431277277481
0.059202644112753514,0.01708750671566252,-0.00837984634790187,0.010035511725561379
0.053839102721097334,0.025,-0.00763112657068042,0.010120558376496596
0.05714505704832232,0.025,-0.012964918611062796,0.010312710687799143
0.07,0.02500000000000001,-0.017378581127377963,0.010782934017156229
0.07,0.019657531772210267,-0.019696318877628564,0.010330795562457905
0.06492401515682023,0.025,-0.01991170952421615,0.0106325099485413
0.07,-0.025,-0.0174055037911334,0.010769779838258983
0.07,-0.018472139750251644,-0.013211565518806914,0.010387917293236536
0.060137047692206146,-0.013744410922758434,7.930457726653359E-4,0.010020722500966622
0.07,2.0950602513917366E-4,-0.004967680397466291,0.01015826297872436
0.07,-0.00964671604080463,-0.009115942561666895,0.010187653457142232
0.06460132205637675,0.013339243452210428,-0.004260260367215269,0.010136722162746236
0.07,0.009979797288217164,-0.008919813937756038,0.010195767947026915
0.06358395786232295,0.004692259728232108,-0.007838052179951673,0.009920857386515743
0.04215001785302705,-0.025,-2.4362699627683562E-4,0.009778140232296213
0.0648539446925126,-0.025,-0.02040307883745248,0.010625900135642104
0.07,-0.019493086397175667,-0.01983926651782337,0.010305968868685242
0.07,-0.025,-0.025,0.010657160439376603
0.0477972478516447,0.005395293163960362,0.025,0.008739164721607766
0.04834094743447327,-0.005234505535644446,0.025,0.008731298385787631
0.04364864439794394,0.014360278085086858,0.025,0.009032820981203261
0.04620039432391026,-0.011397041109769308,0.015516774976755191,0.009413317269256793
0.049842395287068526,-0.0011663567176707211,0.011558553025075951,0.009446303212195998
0.04617239079666463,0.01496905850854657,0.015982149934460076,0.009533518302926662
0.0449065269317936,0.025,0.008578383955297463,0.009931716414587595
0.0493306413065491,0.019201809069135285,0.007051214716058269,0.009848974271166735
0.04571361821574316,0.01977968577186593,0.01239807435524929,0.009795459334735987
0.038434818878710766,0.025,-0.005698447344279144,0.009767688510950426
0.04088829113201773,0.020911936261797395,-0.007787753451046347,0.009735968065963758
0.04726995146785305,0.025,-0.00480200512780876,0.00991374011209251
0.041920097250190344,0.025,0.0012967031902112354,0.009773179498017063
0.04436169164795866,0.017332991802401873,0.0014839999241643396,0.009703959647089953
0.03796395382194215,0.025,0.007110445960392099,0.009784663092258734
0.0345850893866632,0.025,0.012710129455891374,0.009868607897931127
0.03791124949089998,0.019381371366267486,0.012127716568221508,0.00964833500965802
0.024471318194595953,-0.025,0.018578804579341295,0.009881584571701529
0.026247801038504465,-0.019637351333016917,0.01718383194703334,0.00948119231161828
0.0279902737278828,-0.025,0.012103821001369239,0.009780990511673719
0.024499999999999994,0.025,0.018857405528871808,0.009870973785428625
0.021,0.024999999999999994,0.024999999999999994,0.009733354835200917
0.024039362873124224,0.018133529736527522,0.018828768234674834,0.009322031267122994
0.027999999999999983,0.025,0.025,0.00980246562483884
0.021000000000000005,0.025,0.012714811057743608,0.009737157563514842
0.027551292548293915,0.025,0.012667311608030807,0.009790275822146711
0.017499999999999988,0.025,0.018857405528871794,0.009832245820276813
0.027999999999999987,0.016892663240348257,0.025,0.008985986119651861
0.018530245031342773,0.017433333160193843,0.025000000000000005,0.008942481009180254
0.013999999999999983,0.025,0.025,0.009691309321582395
0.02479168462900502,-0.017975411825245386,0.02500000000000001,0.009047671881170121
0.021000000000000036,-0.025000000000000005,0.025000000000000005,0.009745026982748229
0.030695830188489277,0.02022061615241867,0.014186137059776302,0.00958946252773101
0.030887314311809053,0.025,0.006456254652844502,0.00967357021362381
0.03384036782868464,0.015441232304837342,0.015704962511521797,0.009355792545146324
0.036101506592112476,0.00890027339769444,0.025,0.008641603957884665
0.04385008554201389,-0.014426127476405209,-0.0016986184087414303,0.009639978792328398
0.036519911821277035,-0.017630069948888164,0.010401760606286468,0.009567438059244374
0.03157973790656522,-0.025,0.005952921069669503,0.009681872607744
0.04200476569079903,-0.016462183081094282,0.006996481529290879,0.009634768826060762
0.03804488986092724,-0.02006934409076718,0.0032669411584534225,0.00964832188779698
0.0355036675432298,-0.025,-5.945400520822371E-4,0.009669363078473228
0.03516387251832037,-0.0019452429327885476,0.025,0.008475178097768214
0.032363947695354264,-0.012567010139122335,0.024999999999999998,0.008741170037728332
0.031035057951755048,-0.01879795681668205,0.013807039683282056,0.00952082569268546
0.034079842175627297,-0.012595913633364101,0.015510258365194877,0.009246246128683204
0.026679774886181586,-0.013420856402578082,0.02025512918259743,0.009021745095037005
0.020767744263475624,-0.025,0.011888495022723114,0.009711554341671872
0.023536081628235173,-0.01919367566650846,0.011459688785505726,0.009469589841018757
0.01756318311687817,-0.025,0.018809691811177767,0.009823089230914173
0.01927939259694354,-0.019637351333016917,0.01715997508818632,0.009424917759938296
0.014000000000000035,-0.025,0.025,0.009697697293175338
0.013483103833426434,-0.02118882500579295,0.020340105253172733,0.00945495220119476
0.010379717830708277,-0.025,0.018875809969237163,0.009793851735690154
0.01366565799242538,-0.025,0.012618233654492182,0.009698453491821612
0.06320067697139364,-0.019241278346488026,-0.015802448283156884,0.010171383096747519
0.05920205582623311,-0.025,-0.019841242932753952,0.01045244781391887
0.05599193694168117,-0.025000000000000005,-0.01476331137192376,0.01031935644509903
0.060799637416295176,-0.015040221499408238,-0.011971390004605542,0.009976806996645979
0.04543289838440552,-0.01767451049675341,-0.007171149767514227,0.009729356807456952
0.043365635375093935,-0.025,-0.012402239691298146,0.01000429771771941
0.0506749470924457,-0.025,-0.012813668157577146,0.010154131379429724
0.03980231399082391,-0.025,-0.006468685621085007,0.009797022861248535
0.05300479777921384,-0.01911262318711228,-0.012023429689312696,0.009927613883934495
0.05932036813750338,-0.005055401508069048,-1.7700211086801114E-4,0.009862724921202085
0.04895953521198081,0.014897745047189583,-0.0023980365510224504,0.009752805826210374
0.042066664352272826,0.025,-0.011967853037077966,0.009989212312239284
0.04959127165771189,0.025000000000000005,-0.012503500313765414,0.010141013485311174
0.04723689333187567,0.01688631075143949,-0.013536733322125256,0.009697819303661016
0.07,0.011711895791805914,-0.018315654770191946,0.009944437775843893
0.06243062049126018,0.014399701253734215,-0.016536764101524007,0.009895308436315838
0.05486124098252034,0.01708750671566252,-0.01475787343285607,0.009862852050974006
0.05255456624039481,0.025,-0.018807322903275088,0.0102926962997097
0.05933784909635755,0.02104375335783126,-0.014405804830507787,0.010191747881287879
0.05945870339894466,0.025,-0.01941890162654819,0.01049838258849804
0.04554550344559467,0.025,-0.018625026407270186,0.010152338539108017
0.04686758714598525,0.018808606637018676,-0.018686771700414613,0.00968372341226994
0.07,0.025,-0.025,0.010653980200134562
0.07,0.016816818403521398,-0.02500000000000001,0.009827737456768461
0.06299768248688413,0.02101696980592347,-0.025,0.010000931380798689
0.063,0.025,-0.025,0.010447697809892813
0.056000000000000015,0.024999999999999998,-0.024999999999999998,0.010219103906189094
0.05979334686894612,0.015519138111746753,-0.025,0.009449580999597166
0.06330576769299756,-0.01348255669297606,-0.018556957609962416,0.00978784227973099
0.07,-0.011270883738428649,-0.018628220217622053,0.009907834725813079
0.058503688582800625,-0.005080442998816475,-0.010894841052859728,0.009696912662187107
0.07,-5.8631044822531064E-5,-0.01559152827295231,0.009846988910457325
0.06320917986775483,0.007402864500202398,-0.016419026089975836,0.009689083972567953
0.06999999999999999,0.0063169489503804915,-0.024999999999999994,0.009327505388491373
0.06283440187318673,0.010113469272172687,-0.025,0.009230127477752294
0.07000000000000002,-0.006316948950380431,-0.025000000000000005,0.009316634091379948
0.07000000000000002,-0.016816818403521363,-0.025,0.009818496511877774
0.06598764319367813,-0.021474939149254253,-0.025,0.010132084280218879
0.02387196286265368,-0.025,0.005958796071810057,0.009584181913386218
0.0288063644972058,-0.018750000000000003,0.005986718900029626,0.00950137004420743
0.028044338953873964,-0.025,-1.3936132938404538E-4,0.009579030802936534
0.03430800042457201,-0.018150563738202605,-0.003280936286191531,0.009553891211071872
0.032095816722420206,-0.025,-0.006473054021194365,0.009690449214067495
0.03589081326696364,-0.021398946758550808,-0.008753467644964328,0.009677623805860755
0.03561324252209633,-0.025,-0.01270933168122898,0.009885974385617594
0.03968580981150707,-0.01779789351710161,-0.01103388126873429,0.009609559695929802
0.062375718724162046,-0.01827291172340207,-0.025,0.009720660669878997
0.063,-0.024999999999999994,-0.024999999999999994,0.01043160571951673
0.056,-0.025,-0.025,0.010224138283235215
0.0387726150102288,-0.025,-0.018685287527685432,0.010038818830509605
0.03323370353904347,-0.01907978890994259,-0.014966763940885263,0.009550336159534876
0.034889259913170254,0.025,-0.012134152435670814,0.009871156006079625
0.048999999999999995,0.024999999999999998,-0.024999999999999998,0.01009104484025575
0.03954774288193091,0.0026976465819801795,0.012576269219028192,0.009215411246078163
0.039343659204987246,0.016839572253079575,-0.012320719192550495,0.009553076749109001
0.03263988185801694,0.02129080503286014,-0.010195578597408132,0.009646247597785524
0.03134359195482375,0.025,-0.0062318440325853566,0.009674110462518901
0.04073392006606062,0.01384882329099009,0.006936486204619714,0.009544566924745467
0.03506836608759153,0.016607743717301487,-0.007173220956255757,0.009531716148631368
0.034552136870560274,0.025,4.444382054968124E-4,0.00966241578300224
0.04014141097250222,0.017783551034253338,-0.002929664490297702,0.009639988410012705
0.03369435952609883,0.018750000000000003,0.006760185491717848,0.009564174567576007
0.017880567201192868,0.020761655395244383,0.011043526180509744,0.009491947477203434
0.01744906339128927,0.025,0.006390661257323883,0.009545667020448992
0.02436673150730378,0.025,0.006411856477885149,0.009611474903996402
0.013938093532963977,0.025,0.012530603443170488,0.009686747441523615
0.023578725746248454,0.011267059473055039,0.01880013094047786,0.00896199523643534
0.023825742894767094,0.006010808155621314,0.024999999999999998,0.008416756515763702
0.027328523897308245,0.01987117885361635,-0.0031376077105302854,0.009502505100383241
0.027641026648273764,0.025,-1.1314145503286271E-4,0.009569011975632816
0.024346566986966064,0.025,-0.006530162196517288,0.009595182946006479
0.020928643206987188,0.025,-1.97551087352631E-4,0.009508140719192823
0.02853289593926464,0.018750000000000003,0.0031483917840053662,0.00949365295870978
0.023331708597729813,0.01652331079048876,0.01260026188095573,0.009351797365111528
0.020272386511712683,0.019453632073413905,0.005973742537712978,0.009442051589855203
0.02775888787288738,0.025,-0.012504937946612213,0.009789588069242275
0.028326957559340754,-0.02500000000000001,-0.012771585298806853,0.009803833970130295
0.01664568971686425,0.016978321975341302,0.01718612065163794,0.009238781474956872
0.01039418730982562,0.025,0.01880987814453896,0.009783758980014023
0.006999999999999993,0.025,0.025,0.00968076240280881
0.011353328625823687,0.01889283257946052,0.025,0.009049575907281136
0.007152175802687816,0.021442350660715506,0.02033286006323409,0.009441758453425923
0.003456855784461768,0.025,0.01885796018748572,0.009769466200308639
0.02096604678499479,-0.006922389428551938,0.025000000000000005,0.008402564989177653
0.020995602077008905,-0.01427470266603383,0.015510258365194877,0.009187452273795386
0.01299650882275167,0.011006726328157357,0.025,0.008517935584814703
0.015958213066171435,-0.016049405332067654,0.025,0.008831018043032612
0.0069849806603200296,-0.018552446715576456,0.02500000000000001,0.009000129932757978
0.007000000000000034,-0.025000000000000005,0.025000000000000005,0.009700025300750066
0.003500000000000024,-0.025,0.018857405528871794,0.009792407342326129
2.667137344314341E-17,-0.025,0.025,0.009649912137057692
0.006680920818517772,-0.01987927239279076,0.017359502337676972,0.00938126687047228
0.006968797510626609,-0.025,0.012689329519128857,0.009660771000396962
0.012266757341280295,-0.009755300023171813,0.01874218735819875,0.008832048526282813
0.006874177524686678,0.025,0.01236613673076429,0.00966329508859039
0.030218175620040574,0.0065832931393220275,0.014863348885529782,0.0090682945005827
0.014814222158218725,0.0022321276683814548,0.025,0.00829649320599431
0.026595983411396504,-0.0022746460261932875,0.014021735259537765,0.008989088241807306
0.0203054018114398,-0.019778769180878647,0.004009873094904455,0.009437273990825562
0.021120915670001506,-0.025,-2.731509755471307E-4,0.009509834188065357
0.0156157333480854,-0.025,0.0054505745175664685,0.009515396771693422
0.01554127896088045,-0.02244248849694667,-7.596046507675486E-4,0.009441524056223697
0.014866748183629805,-0.025,-0.001619926627705704,0.00946786906457997
0.017989811725765872,-0.025,-0.006794095937587308,0.009553103823855467
1.46269814537775E-4,-0.025,0.012558749500397363,0.00964750568189052
0.016587937636982148,-0.017949086409034785,0.009299257982624742,0.0093701647479892
0.012966207666852836,-0.017377650011585907,0.015680210506345466,0.009274643586775511
0.008839534121847712,-0.025,8.884041080696077E-4,0.009438364366031245
0.009702009579134013,-0.025,0.008142633585529956,0.009537287072752544
0.00953041356731071,-0.0200081685733504,0.009909493976145057,0.009412323011310971
0.004484649243336192,-0.02054304469527614,0.010406101841627505,0.009421799843343235
0.003907924732544428,-0.025,0.006773918051563259,0.009501040668674842
0.013270416488153016,0.007195339339931636,0.018766606076940324,0.00876762273723047
0.007304351605375639,0.01788470132143101,0.01566572012646818,0.00928303029889039
0.010817655963536205,0.020761655395244383,0.010869189017020085,0.009449451465616506
0.010410144157605744,0.025,0.006211270452671103,0.009503427269971422
0.013495439464541152,0.020385979885518046,0.004756466771342415,0.009413049820067253
0.014044139515030262,0.025,-2.0568409241957832E-4,0.009461664726359271
0.05111094350871989,-0.01911262318711228,-0.017366574933104305,0.009832510333774266
0.05250648175679162,-0.025,-0.01913407294982504,0.010294597881805395
0.04625870613709483,-0.025,-0.018426226306529216,0.010174549374938505
0.04214702065746596,-0.018860349099196903,-0.018016940634367144,0.009618395590635102
0.04200000000000001,-0.025000000000000005,-0.025000000000000005,0.009980818609732883
0.05661153538599513,-0.01569422964752347,-0.018485695002302772,0.009701526030790802
0.048999999999999995,-0.025,-0.025,0.010104779381302886
0.04460823150342484,-0.0199228046812922,-0.025,0.009467124783867529
0.03844507359807142,0.025,-0.01870468297070388,0.01002840594365385
0.041999999999999996,0.025,-0.025,0.009966158221657688
0.03428705674509888,0.019602039805634765,-0.01798230259967431,0.009553486428869808
0.04203329841755,0.016910872626935913,-0.018657796605697222,0.009476067217649362
0.05673337999709571,0.010885730161751928,-0.025,0.00912344503614073
0.05204351024345992,0.016864196973641776,-0.025,0.009365589728401704
0.04818967084637583,0.012617213274037349,-0.018748516993559037,0.009371299756366693
0.04445405115386901,0.017136630466655367,-0.025,0.009209836931655887
0.052423433355695076,-0.016348237795638695,-0.024999999999999998,0.009308613066577516
0.06208520726465536,-0.01039211875339325,-0.025,0.009205724458386645
0.059226839283225315,0.0016349597093504933,-0.024999999999999998,0.008919761415012873
0.053356692894659455,9.1258906713221E-4,-0.017947420526429864,0.00923062214959279
0.024805411191431204,-0.025,-0.006588550066581668,0.009608800055287898
0.02615943483264198,-0.017196181132734308,-0.0014612884377457303,0.009436861458919954
0.01880200221597487,-0.019861082977764385,-0.0038096290187355354,0.009429018623280971
0.025170457834771908,0.019578548993461085,-0.008580894994778232,0.00949102395895916
0.0208955878913489,0.025,-0.012676805751232933,0.009725208314438485
0.017454408330801863,0.025,-0.0064927922675936545,0.009547253733084913
0.025436931439478613,-0.02011491826208716,-0.011080003397984019,0.009520273556409307
0.021296767865755198,-0.025,-0.012711614394884954,0.009738660496296611
0.018809563251276248,-0.019958782496833128,-0.011098163956614029,0.009464536566862781
0.014252805788591557,-0.025,-0.012688488468171583,0.009686232076456792
0.0108875608201905,-0.025,-0.0063563521545522,0.009525502657941838
0.031624888887893554,-0.025,-0.018802731336675732,0.009965621929549416
0.027677082277995316,-0.019079788909942583,-0.01804080086470667,0.009436939326962872
0.03500000000000002,-0.025000000000000005,-0.025000000000000005,0.009878573719343031
0.03838936451278941,-0.018373899752465242,-0.025,0.009242821196166123
0.031512694554561904,-0.019594187478981097,-0.025,0.009261186036813819
0.03085416455599062,-0.013159577819885178,-0.017224196200541542,0.009187425541695065
0.031500000000000014,0.025,-0.0188574055288718,0.009954380966044276
0.028660325499611058,0.021310779620450856,-0.016301792713916508,0.00962013980535056
0.03500000000000002,0.024999999999999998,-0.024999999999999998,0.009885084598401057
0.02449999999999998,0.025,-0.018857405528871822,0.00987568091601198
0.018451925090786324,0.018145608751583435,-8.461491685855823E-4,0.009387353725690072
0.015788342091413127,0.02033516770845651,-0.010669507835172516,0.009453796695145834
0.013971941471957391,0.025,-0.012736538551768005,0.00969582534081537
0.010554032850997652,0.025,-0.006428484389309668,0.00951775970279334
0.0069732054571752244,0.025,-2.584885050083592E-4,0.009433234193402425
0.010047924194395343,0.020385979885518046,-0.001653106051974361,0.009383277209569506
0.003353461922726758,0.025,-0.006272980335386131,0.00948386123001404
0.012812912476534084,0.018421605307756005,-0.004813141107060755,0.00936737211929443
0.02165106489276906,0.01832574157699608,-0.016093359475274526,0.00937650860198579
0.0175,0.025,-0.018857405528871822,0.009814916135207073
0.02450000000000001,-0.024999999999999998,-0.018857405528871798,0.009870427601545198
-0.013999999999999983,-0.025,0.025,0.009700573649072904
-0.006999999999999965,-0.025,0.025,0.009656384488083761
-0.010394187309825605,-0.025,0.01880987814454345,0.009780071397816567
-0.011549945595930162,-0.019365945151155098,0.025,0.0090838841669047
0.007366529967257978,0.012114379210158377,0.02033286006323409,0.008833454974576533
1.7862897523141124E-4,0.021442350660715506,0.020344741909317298,0.009437200169078046
-0.003500000000000017,0.025,0.018857405528871794,0.009776208439172918
1.0842021724855044E-18,0.025,0.025,0.009665967612521973
-1.4626981453783744E-4,0.025,0.012558749500397308,0.009650823038206564
0.0042538104388616,0.015726964596619375,0.025,0.008750826563819765
0.007428708329140318,0.006344057098885747,0.025,0.008327673450571301
3.5725795046282133E-4,0.01788470132143101,0.015689483818634598,0.009271550823493777
-0.006968797510626568,0.025,0.01268932951912908,0.009678924619149317
-0.0038688460634472184,0.01696555701380724,0.025,0.008847713974083245
-0.00700000000000002,0.025000000000000005,0.025000000000000005,0.00967017715488778
-0.013999999999999999,0.025,0.025,0.009714535435805272
-0.010379717830708245,0.025,0.018875809969237177,0.009798584251915219
-0.010394983535699516,0.018956951183626246,0.025,0.009046303730057215
-0.013347473073803483,0.02143642539328182,0.017086414345235366,0.009520746288624603
0.00551903292304291,-0.006626067293141934,0.025000000000000005,0.008328351197297388
-0.002743170256463902,-0.015286492214025067,0.025,0.008740147181860619
-0.003456855784461671,-0.025,0.0188579601874857,0.00977914598854296
-0.01756318311687806,0.025,0.018809691811177698,0.009845585840158431
0.011189511326855589,-0.02000299461558899,-0.005408501332878662,0.009399425156251556
0.004126274199108354,-0.025,-0.005865568216942195,0.009489330892562904
0.00399765225383551,-0.014016234580022355,0.014569829856816896,0.00911629650397688
-0.0030700352138565497,-0.020079111246637072,0.015178383208761139,0.009402609926970912
-0.006874177524684277,-0.025,0.012366136730763443,0.00965213153247104
-0.006325691684455109,-0.014683776259199527,0.018712627861790232,0.009002655438651789
0.008575301616389157,-0.00346119471427597,0.012484374716397496,0.008923779846433543
0.0036700278554829572,9.360406580832479E-4,0.01874218735819875,0.008648451027762422
0.003254948968597654,0.025,0.006252271595380887,0.009489378806490728
-0.003907924732548376,0.025,0.00677391805156642,0.009501714065646831
0.0037347324347616565,0.01788470132143101,0.009386916851889146,0.009323987406333688
0.003788722820898999,0.020010304375791717,0.0015622874314134493,0.009359702508891787
-6.576816472260993E-4,0.025,1.959873706116888E-4,0.009424970153680729
-0.01366565799242539,0.025,0.012618233654492425,0.009675105793979418
-0.005510422225085811,0.018203858201976918,0.010479792461328387,0.009331787965520654
-0.009702009579133433,0.025,0.008142633585533299,0.009540626159502337
0.011141852244323494,-0.017339549698288013,7.200103150058727E-4,0.009331506041289758
-3.815163735299911E-4,-0.018201332298500166,0.0067425175159139365,0.00933181151475743
-0.0032549489685923944,-0.025,0.0062522715953640465,0.009487045235963118
6.576816472201041E-4,-0.025,1.9598737060281743E-4,0.00942425728214383
-0.0026838962880076905,-0.020033604270564085,-9.734871050135088E-4,0.0093616596692365
-0.006973205457206852,-0.025,-2.5848850502170444E-4,0.00943225133921329
-0.003353461922740608,-0.025,-0.006272980335408291,0.009490221086957783
0.004083944110825744,-0.02004432813271067,-0.0038391639269228462,0.00937149648064636
0.004692763223659889,-0.020241574640714074,0.0034604390273273895,0.009373149035526145
-0.008839534121846255,0.025,8.884041080734761E-4,0.009442994923761041
-0.006350609132114341,0.018750000000000003,0.0021298689251270913,0.009344174806932322
-0.004126274199110894,0.025,-0.005865568216931939,0.009484564450659863
-0.002163844756398739,0.01938015218789586,-0.0028239500714634836,0.009352750749498814
0.007226000252824896,-0.025,-0.012729390989137411,0.009670676975931953
0.007251241520905154,-0.019354391248416567,-0.010293260370499888,0.009381098833975424
2.7665743456353753E-4,-0.025,-0.012427841403558253,0.00963974086027034
0.03956930563219023,-0.010595787034203226,-0.015599076916383571,0.009254227366260803
0.04286398696990501,-0.011496820913445512,-0.025,0.008847138191548339
0.04971540526064816,-0.013225246374224559,-0.015599076916383571,0.009541141987492329
0.04982100588683622,-0.004746677663462957,-0.025000000000000005,0.00873788062401846
0.03811765620478784,-3.4424889226002814E-4,-0.025000000000000005,0.008518514927304138
0.048209697206518284,0.006905621133080894,-0.025,0.008746419898822628
0.044335831449291735,0.008370229574432923,-0.012497033987118069,0.009397122603465846
0.03802254394247491,0.011944969054486679,-0.025,0.008801273542902702
0.03409632126664427,0.0049472379506245385,-0.012603332459017498,0.009158911624839491
0.03211265380729397,0.01778227224453971,-0.025,0.009092054457204303
0.03828162846194465,0.019531801218493947,-0.025,0.009330608723560176
0.03299879245833129,0.013241493027864808,-0.019509913199316123,0.009116886376706794
0.013411179318398659,-0.019958782496833128,-0.014171059523607449,0.009431128585863686
0.01050000000000002,-0.025,-0.018857405528871794,0.009786338437583104
0.02079080157793257,-0.016095324075677243,-0.017242356759171552,0.009211233817138148
0.017500000000000016,-0.025,-0.018857405528871794,0.009814148659705516
0.02800000000000001,-0.025000000000000005,-0.025000000000000005,0.009809711496120116
0.025259244519067837,-0.017273083157688225,-0.025,0.008990399182771907
0.032131234098779216,-0.011089319115596033,-0.025,0.008637093363031369
0.02281850869575058,-0.010919346096697279,-0.025,0.008593245491737433
0.025254484841128865,-0.0016209848244940137,-0.025000000000000005,0.00836523800137107
0.02705837330398385,-0.00545967304834864,-0.012423730780971807,0.00908627245225221
0.015868330219678022,-0.008331466613035616,-0.015641568589288314,0.00894819990424359
0.02879668983842917,0.00842571129233545,-0.025,0.008532560942307676
0.022406541894189218,0.011651483153992153,-0.019509913199316123,0.008935574515785466
0.029286596600302837,0.01784839025820914,-0.020411016408746735,0.009295112033499852
0.027999999999999983,0.025,-0.025,0.009801225931095378
0.02099999999999999,0.025,-0.025,0.009745433230573175
0.0246291670148549,0.016576034002485876,-0.025,0.008919535967771631
0.01050000000000001,0.025,-0.018857405528871815,0.009797132400739844
0.014392146715945414,0.017080765258653235,-0.017226145974489786,0.009233923975010721
0.00951651551762548,0.021171226164266383,-0.01419931761963179,0.009489309085456418
0.007000000000000006,0.025,-0.012714811057743627,0.009660203187506208
0.00829785888580145,0.01867893125515996,-0.009685304736152768,0.009363146352072277
0.0020229196193168627,0.020010304375791717,-0.007777769068054058,0.00938320327732997
-2.766574345666184E-4,0.025,-0.01242784140355413,0.009639322027098177
0.01400000000000001,0.025,-0.025,0.009705184896655714
0.01757101877037187,0.019111344879148506,-0.025,0.009086025216926181
0.02100000000000002,-0.025,-0.025,0.009732100182138532
-0.010410144157590825,-0.025,0.006211270452670642,0.009503529493711034
-0.009975639158832704,-0.021025603179593077,0.009322677802459932,0.009448013469073629
-0.013938093532937651,-0.025,0.012530603443170689,0.009687103078865044
-0.013580196931120963,-0.018455079132770832,0.017612627313558414,0.009306330462498744
-0.017499999999999988,-0.025,0.018857405528871794,0.009829025028720604
-0.012381113970713094,-0.012827746776492552,0.025,0.008616393411908578
-0.02099999999999999,-0.025,0.025,0.009753259177552548
-0.01880426041267414,-0.017828613804360606,0.025,0.008995566931618045
-0.02115658191547104,-0.02076099296432003,0.016904726479342144,0.009514859106397619
-0.02099999999999999,-0.025,0.012714811057743594,0.009725337745994402
-0.02449999999999998,-0.025,0.0188574055288718,0.009889522242623608
-0.017449063391275044,-0.025,0.0063906612572585,0.009552569046637469
-0.0275512925484043,-0.025,0.012667311608037614,0.009796708983067911
-6.908712966570416E-4,-0.005477451884262254,0.014173081559257115,0.008899348762967395
-0.007663805377751348,0.018373600922446807,0.01871241779254581,0.009247987224707491
-4.3899397748021064E-4,0.011608988675936734,0.020344741909317298,0.008797190757294864
-0.0012352459054232427,0.005333276030442466,0.025,0.008288473000031887
-0.009043826203341782,-0.008578579770257899,0.018712627861790232,0.008786145145027057
-0.020767744263475357,0.025,0.011888495022723754,0.009699158007116336
-0.015615733348087319,0.025,0.005450574517567981,0.009526586776059385
-0.014684670132712461,0.01782556460930755,0.012732341787932427,0.009346064283397964
-0.020913917328021732,0.02101013350223181,0.015218514099078796,0.00954191101957484
-0.02447131819459575,0.025,0.018578804579341086,0.009898916745824974
-0.027990273727849114,0.025,0.012103821001379376,0.009786793082883735
-0.028475295381811153,-0.020784736286450594,0.018139542161864603,0.009568343750843127
-0.0315,-0.025,0.018857405528871794,0.009952533073509613
-0.021000000000000008,0.025,0.025,0.009728136313645722
-0.01664730000168353,0.016914299265506895,0.025000000000000005,0.008930963946510759
-0.010364155292864066,0.010315432807907664,0.025000000000000005,0.008481109241398494
-0.008179439294237246,-0.0030760992361418063,0.025,0.008267503667985565
-0.028047969410788284,0.020152094369515074,0.016322220762573756,0.00953715056433182
-0.031500000000000014,0.025,0.018857405528871808,0.009954565348336428
-0.02800000000000001,0.025000000000000005,0.025000000000000005,0.00979898416921988
-0.025260992281313267,0.01744148120384502,0.025,0.009027789926045382
-0.031840730696919395,0.02012215108707044,0.025,0.009329916033323752
-0.035,0.025000000000000005,0.025000000000000005,0.009894965806897868
-0.028015387683171415,-0.01798347352165088,0.025000000000000005,0.009082432913398601
-0.027999999999999983,-0.025,0.025,0.009804657407927965
-0.035,-0.025,0.025,0.009868679934234424
-0.005659761214459053,-0.020019415539470158,-0.00862356918845789,0.009396747368233547
-0.006999999999999992,-0.025,-0.012714811057743573,0.009666703032387283
-7.463678121314658E-4,-0.018750000000000003,-0.00932869369446994,0.00935028115737948
-0.01055403285095834,-0.025,-0.0064284843893124295,0.009519914991490958
-0.014044139514991543,-0.025,-2.0568409242294194E-4,0.009461946842488621
-0.010959811220138364,-0.018750000000000003,-0.0039625661393233565,0.009363262810715908
-0.008950411266966711,-0.019368107634395216,0.003931899202551159,0.0093701452089212
-0.02305868466413981,-0.020988907084922504,0.010045165883019552,0.009531440972299472
-0.024366731507411633,-0.025,0.006411856477987199,0.009603599302946023
-0.002578981580990452,0.0028871275664469746,0.012066655699259746,0.008936104697337457
-0.014866748183630457,0.025,-0.0016199266277040821,0.009469952939576639
-0.012493881304544404,0.017695164998675628,0.005269606813177044,0.009350287798738368
-0.020224328356021677,0.019797178759391947,0.005356500660169897,0.009447267360636575
-0.02387196286265364,0.025,0.005958796071810279,0.009590919875225722
-0.021120915670003126,0.025,-2.731509755467768E-4,0.00950269427793046
-0.010887560820186926,0.025,-0.006356352154549506,0.009518647288319151
-0.01214190826890136,0.016660364421857893,-0.0028332791811691385,0.009323481430538273
-0.017989811725765345,0.024999999999999998,-0.006794095937586614,0.009558770287309826
-0.014658363122520744,0.019785364421857892,-0.008071075209812624,0.009420291886205275
-0.005956970612984738,0.019648391001596436,-0.009434695164324873,0.009384695167375045
-0.00722600025282389,0.025,-0.012729390989137411,0.009670830021617838
-0.014252805788591255,0.025,-0.012688488468171298,0.009679231678804185
-0.009883501796250003,0.02054678200319287,-0.014169910444688339,0.00944708834677298
0.010199136437236604,-0.018582937360118294,-0.01958552976180373,0.009242320238499333
0.014000000000000012,-0.025,-0.025,0.00968721561437314
0.003500000000000024,-0.025,-0.018857405528871794,0.009764704864843453
0.00700000000000002,-0.025000000000000005,-0.025000000000000005,0.00967994076866934
-0.0034999999999999892,-0.025,-0.018857405528871787,0.009770137404997346
-0.0019291081230567997,-0.016714684811728907,-0.015704085625847707,0.00921306638192923
0.004645611177662619,-0.015182971695853923,-0.014172081990914112,0.009179348534535817
0.003500000000000017,0.025,-0.018857405528871815,0.009779151466186511
-0.0034999999999999823,0.025,-0.018857405528871808,0.009775152957047109
7.805447816467936E-4,0.021171226164266383,-0.01725975110818369,0.0094685789234955
0.017179287029260894,-0.016799557180758602,-0.025,0.008885459374030166
-0.010969000989034727,-0.020019415539470158,-0.011855348296669363,0.009421219616826543
-0.013971941471891958,-0.025,-0.012736538551831239,0.009683844461170963
-0.010499999999999995,-0.025,-0.018857405528871794,0.009779602171780446
-0.010499999999999995,0.025,-0.018857405528871808,0.009792089918818327
0.014120597199289639,-0.006209065260389073,-0.025000000000000005,0.008336382248333942
0.009383104188476129,-0.010696018478121497,-0.01958604099545706,0.008826604901253764
0.02004342988524833,0.004419220531264851,-0.01139613670081029,0.009042213578280568
0.007000000000000006,0.025,-0.025,0.009660887186361333
0.01057906185697248,0.017472185643014566,-0.024999999999999998,0.008935619634153508
0.01683804281419077,0.00876494930674137,-0.025,0.00842891967905314
0.012096547731083233,0.009225741595967013,-0.018492923420790237,0.008826547529560805
0.005061089563293569,0.017342452328532765,-0.015662096687495578,0.009258871492622781
1.3444106938820255E-17,0.025,-0.025,0.00967355436684362
-0.022069053848200244,-0.006324241217495953,0.025,0.008405678172911216
-0.042,0.025000000000000005,0.025000000000000005,0.009991898320440727
-0.03844336250816803,0.025,0.01869285904211255,0.010043964572628216
-0.0380841729215028,0.018985285863597715,0.025000000000000005,0.009286662551981314
-0.01661974361963765,-0.019821839335474097,0.0036498186546197377,0.009411567751096127
-0.020928643207135656,-0.025,-1.9755108734366075E-4,0.009507977915679972
-0.021176158029920556,0.02006154214513991,-0.0012069833454714045,0.009443976696007857
-0.028044338953839686,0.025,-1.3936132936814838E-4,0.009570222232340803
-0.024805411191431,0.025,-0.006588550066581872,0.009607664119401596
-0.034045834963059636,0.019797237318544228,0.017054303591581933,0.009586472960822804
-0.03509426437776364,0.025,0.012699778708920008,0.009882305415804997
-0.044220741294414445,0.020002519770365948,0.025,0.009474318669615041
-0.048999999999999995,0.025,0.025,0.010104970485109672
-0.04573133181583296,0.025,0.01840838271439034,0.010161325172267003
-0.016947845331036902,-0.017132051546290945,0.00957399376588054,0.009342679682351458
-0.017376450842861373,-0.012259311744689352,0.016554059534707816,0.009044383415481735
-0.02448858690149086,-0.015241736760825441,0.01411812510335653,0.009297770887184564
-0.030480405068450362,-0.020976367906037876,0.00993459377568261,0.009608392651664127
-0.023652181978672273,-0.020976367906037876,0.0034807535040442803,0.009486405990170284
-0.030887314311915912,-0.025,0.006456254652859055,0.009663470133319325
-0.03458508938669183,-0.025,0.012710129455933,0.0098812756080717
-0.013421797055977227,0.009865409027493308,0.013488833479085072,0.009041924288480272
-0.012689449835440986,0.00259577684732904,0.01869865788024869,0.008689879731384877
-0.02214088522434779,0.01479524202868876,0.014459805762156145,0.009247698560002895
-0.03157973790652667,0.025,0.005952921069670651,0.009673541420608205
-0.02695175394286548,0.019772169421932908,0.007863527240610959,0.009517762140993017
-0.034145257761373095,0.018750000000000003,0.009562968641210718,0.00957699645203735
-0.03849553931352308,0.025,0.006203307025043691,0.009773453880833737
-0.031386747130200114,0.02059895079016098,6.13884625777849E-4,0.009557610476917857
-0.03550366754320747,0.025,-5.945400520950914E-4,0.00966592352834931
-0.032095816722404386,0.025,-0.006473054021196063,0.009686537814785281
-0.03801350567827305,-0.025,0.01902225218716093,0.010031390841400688
-0.03245059076362233,-0.01656947257290119,0.01742167879485741,0.009345254436986609
-0.021625386740287002,0.005723244167034208,0.025,0.008398218012022538
-0.02922862171314791,0.014970740601922506,0.015713079286750715,0.009294165308184377
-0.028938343857201128,-0.005817592232899475,0.018788134609520713,0.008840740483953183
-0.03287182986245906,-0.010855576156747017,0.025,0.008684476919938356
-0.0326901535575687,0.01221271217905956,0.025,0.008740189150472671
-0.03766271581820495,-0.017664104257634004,0.025,0.009178840655931365
-0.041999999999999996,-0.025,0.025,0.00996580759388393
-0.04493086196681552,-0.025,0.01924443872773804,0.0101576392291067
-0.04576157668210263,-0.017064797549684006,0.025,0.009229702701577336
-0.04899999999999998,-0.024999999999999998,0.024999999999999998,0.01009827236090826
-0.047081384568913934,-0.01959539530085241,0.018997960867091157,0.009741580690215848
-0.051543976509627484,-0.025,0.019347712357664,0.010280243820569794
-0.04795095594418268,-0.025,0.013923145087096592,0.010139003856189929
-0.04137082618161064,-0.025,0.013338414280141674,0.010001544472894596
-0.00850382742377622,-0.018246397927603887,-0.017236089260781302,0.009280916341173397
-0.017454408330726912,-0.025,-0.0064927922675748605,0.009549305940414162
-0.01544080410887057,-0.017870746618410482,-0.00907879162938264,0.00936200461776603
-0.020895587891275474,-0.025,-0.012676805751228856,0.009726958396119574
-0.016718880264212612,-0.018163831078940325,-0.0024388131611319326,0.009380382121530546
-0.027641026648276515,-0.025,-1.1314145506658747E-4,0.009571819993884581
-0.024072977475632862,-0.018163831078940325,-0.003062654006722958,0.009438053466270378
-0.024346566987049175,-0.025,-0.006530162196750816,0.00960530676121581
-0.006999999999999993,-0.025,-0.025,0.00967843299340499
-0.014,-0.025000000000000005,-0.025000000000000005,0.009710279315454666
-0.01049316136803335,-0.019417124326290433,-0.024999999999999998,0.009088353567693906
-0.037963953821944466,-0.025,0.007110445960388213,0.00978895122754055
-0.02711895771476167,0.020992321387021996,-0.00975745562809056,0.009564927233023537
-0.028326957559342125,0.025,-0.012771585298807224,0.009800036080444677
-0.021296767865755146,0.025,-0.012711614394884982,0.009726998170518378
-0.0217012822442629,0.017774930498649314,-0.008054056272090814,0.009401827240589173
-0.017732944032703344,0.019922337842119355,-0.01570675757671837,0.009441484878271586
-0.00551419780390875,0.016093564006385737,-0.01565133242120538,0.009199045690799065
-0.006999999999999991,0.024999999999999998,-0.024999999999999998,0.00966934669209035
-0.003958362443781959,0.01643413495512369,-0.025000000000000005,0.008818180179917548
-0.017499999999999988,0.025,-0.018857405528871808,0.009823670362709284
-0.01443017281047646,0.017013975758403126,-0.01877805481228247,0.009169287307881642
-0.010894457555546216,0.01918327583256755,-0.025,0.009085363463649083
-0.025840169476441504,0.020324777419286427,-0.014446501722013715,0.009531111633126612
-0.024499999999999994,0.025,-0.018857405528871808,0.009875576454807317
2.667137344314341E-17,-0.025,-0.025,0.009649149522900814
0.0069870935560745525,-0.017207092223403463,-0.025000000000000005,0.008878410028434569
-0.003518240094200995,-0.017018770062371194,-0.025,0.00887577278195761
-0.006507654847552444,-0.011492795855207778,-0.015614772992690814,0.009001327110389305
8.742494415228848E-5,-0.008887059344538269,-0.025,0.008418737343087563
0.01094585886142347,-5.676091503939905E-4,-0.014040780419405081,0.00888391442943903
0.005899837263827156,0.0017681132165843147,-0.025,0.008266199272594477
0.002065222102500343,-0.005365943391707843,-0.015614772992690814,0.008830665468178485
0.0028776905306559,0.016514113966343176,-0.024999999999999998,0.008836690033349045
0.006387100518295122,0.011642496357444514,-0.025000000000000005,0.008541412842902699
0.005194406451601056,0.008526294557806298,-0.01255859255778199,0.009008945816413363
-0.0175,-0.025,-0.018857405528871794,0.009822802665925594
-0.014162727953528527,-0.017577662157880647,-0.01571877009763335,0.009295636436791302
-0.024499999999999994,-0.024999999999999998,-0.018857405528871798,0.00988298274390707
-0.021,-0.024999999999999994,-0.024999999999999994,0.009758752477175997
-0.021595382248571743,-0.020746809178719437,-0.01726853732757303,0.009515846831289216
-0.027758887872901105,-0.025,-0.012504937946560678,0.00978196758918093
-0.01750102855418201,-0.018271049253785147,-0.02500000000000001,0.009017579758512457
-0.013999999999999981,0.025,-0.025,0.009697242561760635
-0.0011541481463900882,0.00928737430779733,-0.025,0.00846348448783996
-0.007528395607817515,0.007187128012771472,-0.012445259313538957,0.008993285310175922
-0.03162488888789411,0.025000000000000005,-0.018802731336676638,0.009940780820244575
-0.04119904032362932,0.019609104336127198,0.016741091531972976,0.009684303825941386
-0.04220621355599501,0.025,0.012499027051978294,0.009988303385968123
-0.04910705681039754,0.020594009096938166,0.017903817966588974,0.00987643437303352
-0.05257176844412456,0.025,0.01895075459646481,0.010304173886077066
-0.04255480378521043,0.012241223684665382,0.025,0.008881128871584114
-0.03602657280846193,5.305320039292322E-4,0.024999999999999998,0.008453529880930497
-0.03745705288722445,0.013904967531372714,0.017572931832604374,0.009287947963449821
-0.03832339438361465,-0.012403005330878649,0.015067335460325718,0.009320346298091479
-0.04031702982020258,-0.01062188649660599,0.025,0.00877841638665768
-0.032307361716661084,0.018961926411148442,-0.010654234143735395,0.009550826252773365
-0.035613242522097806,0.025,-0.012709331681231409,0.009872420622909458
-0.03039499113120356,0.017608045764241183,-0.0037470261620399675,0.009493118698242226
-0.040248858529017335,0.0188798340371649,0.009949873114839471,0.009672619545661976
-0.03686112481007116,0.020609276991748093,-0.004736453950054567,0.00964418530816605
-0.03980231399080644,0.025,-0.00646868562110277,0.009797356849910739
-0.039298676734405354,0.018150563738202605,0.0031586546977059675,0.009630829345483446
-0.042150017853006885,0.025,-2.4362699628393408E-4,0.009775916887613981
-0.049899071812724516,0.025,0.012061167881202359,0.01013573351142532
-0.0451772845231382,0.025,0.0062585555072967435,0.009901101180508215
-0.04692689497590756,0.019609104336127198,0.013425245951517877,0.009812955104953388
-0.05638135650325571,0.025,0.014449165505289033,0.010332431010208396
-0.05252264825640536,0.015786787257716123,0.024999999999999998,0.009256741799803596
-0.05424139090248106,0.020594009096938166,0.021199626609393805,0.009903609894313024
-0.05600000000000001,0.025,0.025,0.010244791773081241
-0.05944071751943606,0.024999999999999998,0.019595115198948604,0.010463412872377814
-0.036195436235184404,-0.01539293121963662,0.009745184255334478,0.00948718692551409
-0.032125097114739806,-0.018750000000000003,3.0573967956190476E-4,0.009534025258672425
-0.03455213687056326,-0.025,4.4443820553384875E-4,0.009658951363153956
-0.031343591954931874,-0.025,-0.0062318440326176346,0.009667903443737122
-0.03986179472247642,-0.018720834005978876,0.014159531242776437,0.009637839689116448
-0.044906526931802526,-0.025,0.008578383955326724,0.009938237071844455
-0.0402528433647723,-0.017145585102257038,0.004451793572034531,0.009626286990585087
-0.03580763386620202,-0.005310943248302996,0.012576269219041427,0.009194436927176464
-0.03461141197672224,0.0065152660019646156,0.01571307928675071,0.009075335766230045
-0.05599999999999999,-0.025,0.025,0.010243157286914589
-0.05882138589318731,-0.025,0.01957861491628088,0.010455137485430253
-0.05475535636374346,-0.017838077213072113,0.024999999999999998,0.009483394578842676
-0.05248278180496212,0.016188018193876327,0.017399253218787616,0.009696039824168997
-0.0501111171002767,0.004678519686563222,0.024999999999999998,0.00874673544946798
-0.04419422750454081,-0.015042410024878078,0.016514733463712523,0.009490973520131974
-0.04923190717101236,-0.014190790601704823,0.018751483006444275,0.009474583528289178
-0.04941975594128692,-0.005496873660181735,0.024999999999999998,0.008749573695260469
-0.04455947561568855,-0.008670350860498936,0.013860852039144092,0.009358828415629091
-0.05428802437222664,-0.025,0.013870800941968263,0.010267419743022265
-0.04744477001428544,-0.02082846586275358,0.0127480579213257,0.00988235390408225
-0.05456520705335447,-0.017998234519967463,0.01737495719942535,0.009832195216191903
-0.05029664116363208,-0.025,0.009604087670799887,0.01006693248592789
-0.00665406967897441,-2.5669163606906187E-4,-0.024999999999999998,0.008272220067655852
-0.011245916636278417,-0.010485591710415555,-0.025,0.00849583534861387
-0.02108601144705312,-0.017577662157880647,-0.009555148431572862,0.009391902370649097
-0.029280451849530976,-0.018163831078940325,-0.006079800479359945,0.009494144769558694
-0.029667113352700752,-0.020475798228608993,-0.015670645189155483,0.009585612404924209
-0.03488925991323168,-0.025,-0.012134152435639041,0.009874809401287644
-0.031499999999999986,-0.025,-0.018857405528871794,0.009959616196176099
-0.04192009725020471,-0.025,0.0012967031902979438,0.00977505090729284
-0.035153761553166886,-0.020765032947233898,-0.007599751979557935,0.009639576069480356
-0.03843481887871528,-0.025,-0.005698447344252584,0.009756600752682048
-0.02569076449714348,-0.016493618357438875,-0.015679669126274273,0.009324041822899
-0.027999999999999983,-0.025,-0.025,0.009801420730764477
-0.024520900933449972,-0.018396484989705468,-0.025,0.009093312437079464
-0.04206666435228104,-0.025,-0.011967853037063499,0.009970913879134227
-0.031219056256681886,-0.020370545449067454,-0.025,0.009338707926665076
-0.03499999999999999,-0.025,-0.025,0.00988232833985084
-0.03608193731941245,-0.020204787278498556,-0.01717262556282956,0.009632696033351033
-0.03844507359806647,-0.025,-0.018704682970743944,0.010051155796957567
-0.03455404891339759,-0.02142503512104552,-0.021928702764435894,0.00960660900319184
-0.03489160748655353,0.01998300126385098,-0.016408989105150203,0.0096042216041447
-0.038772615010229175,0.025,-0.01868528752768643,0.01004531229056254
-0.021338365747266323,0.017004983536459253,-0.01877805481228247,0.009214289884937363
-0.020999999999999994,0.025000000000000005,-0.025000000000000005,0.00973754287087261
-0.014166520010598281,0.0022163298662041747,-0.01871186539047929,0.008670465533199185
-0.012059702772242838,0.009378702736954826,-0.025,0.008446141887470332
-0.0175104796120039,0.017654429916758585,-0.025,0.008949938310845416
-0.030002644946162435,0.019656942059851384,-0.020739233908870894,0.009425662645713897
-0.027999999999999987,0.025000000000000005,-0.025000000000000005,0.009794759109977779
-0.024710843429125943,0.019165291388679805,-0.024999999999999998,0.009136969012702802
-0.02088924109283336,-0.012417437606145602,-0.025000000000000005,0.008675199142140093
-0.017825455907057055,-0.010155324315761294,-0.012580134666394908,0.009098903282869978
-0.035,0.025,-0.025,0.009898646392848478
-0.05781957160109385,-0.02006224204757115,0.013260739347587867,0.010082142270897359
-0.043954718139090604,0.014218208672254396,0.0147893240218334,0.009488060530187952
-0.04295937548323936,-3.16211780869887E-4,0.01878813460952071,0.008986890585085547
-0.043365635375084664,0.025,-0.01240223969130698,0.010013297702235375
-0.04038613771439219,0.019892973399196268,-0.01106818324498798,0.009705288089141357
-0.04531037768381989,0.016406844194499733,0.004575199526355846,0.009702361785760137
-0.043425734020174425,0.019724718980610775,-0.004211692463763878,0.009733735973761691
-0.047941320291278816,0.025,-0.0054639672355923825,0.00993240806970874
-0.04793230405365999,0.025,0.001317390781618348,0.00988943250418424
-0.05087360274144023,0.025,0.005676062007685712,0.009996443745935278
-0.056790069035390356,0.025,0.008131412658707315,0.010192129436189414
-0.05245891677492539,0.016692323984551418,0.009799068680612234,0.009840129260858818
-0.06337634339830175,0.025,0.012836268121158609,0.01049392032050286
-0.05953119821406699,0.016983304600229655,0.015018364831483687,0.009969969692414498
-0.06281285892672975,0.010542831081231815,0.025,0.009260780493957807
-0.06300000000000001,0.025,0.025,0.010439196591669175
-0.063008930592134,0.018896428259128833,0.02500000000000001,0.009787163925128507
-0.06491339194411161,0.025,0.020396243411715604,0.010621259794390124
-0.07,0.025,0.025,0.010645792071307994
-0.0647655991070335,0.018142992366240198,0.017265559681098303,0.010123968718387966
-0.07,0.025,0.0174055037911334,0.010771740439248959
-0.07,0.019302680132250734,0.01951275453071292,0.010305474927535528
-0.07,0.016826746305056536,0.024999999999999998,0.00981198313561452
-0.06299999999999997,-0.025,0.025,0.010446010243401712
-0.06300783973215429,-0.019983095568615158,0.025000000000000005,0.009884146732799798
-0.0647427589793424,-0.025,0.020057501478567955,0.010617552174941793
-0.07,-0.025,0.025,0.010656686266114957
-0.06217947928105767,-0.017553789831878722,0.018825338876603735,0.009970904875301705
-0.0633328940101606,-0.025,0.013033178331038661,0.010499238280379077
-0.0626905449467553,0.019098705094228473,0.00851380621374374,0.010192590047655832
-0.06327028711994821,0.025,0.004028628807689394,0.010297953896570651
-0.07000000000000002,0.025,0.009094691533898601,0.010607493950437525
-0.056047877826008875,-0.025,0.006996862784812874,0.010150075229356157
-0.049841947832102836,-0.02132527861596924,-0.0016635426303074502,0.009883370315859567
-0.04726995146785043,-0.025,-0.0048020051277968615,0.009907528344965248
-0.049515331666713486,-0.025,0.0034315813179492775,0.009943293634827826
-0.044209061262045365,-0.017650557231938487,-0.0022947516980812914,0.009705168958091509
-0.04679752818791236,-0.01682813657961096,0.007121961941404928,0.00973618971202315
-0.07,-0.01682674630505655,0.025,0.009830476987409397
-0.061859681286464664,-0.011052442794417444,0.025000000000000005,0.009262992542514562
-0.055686053029832226,0.008966609200459316,0.017200461541808765,0.00947850759903296
-0.05434968975387714,-0.0010314538989503273,0.01592710297974834,0.009388356948887422
-0.07,0.018478401649575385,0.012822259164515105,0.010389506243011366
-0.06121218170858944,-6.394317735010646E-4,0.025,0.0089825750046643
-0.07,0.006324776671824205,0.02500000000000001,0.00932394201081625
-0.0628430265149161,0.004462537141146065,0.016124292625272905,0.009630887126741388
-0.0527022376599221,-0.01131678365372564,0.012502966012888547,0.009635510452967136
-0.054375057742965485,-0.01815839182686282,0.00974991439885071,0.009934081908037797
-0.05461149465054767,-0.025,-4.725039483597093E-4,0.010038051383975786
-0.02098303134335419,-0.0016160191383012001,-0.025,0.008343986892571171
-0.026881528994286967,-0.007987236714877756,-0.012501932723676742,0.009117766198592808
-0.03371880104075843,-0.015409574556997109,-0.015640568154915182,0.009369787832432318
-0.0431378628071632,-0.02132527861596924,-0.007131302367572395,0.00979170615652183
-0.0495912716577144,-0.025,-0.012503500313757542,0.010127926108741313
-0.05383910272109836,-0.025,-0.007631126570667829,0.01010005367666279
-0.056711811192131915,-0.020775557231938486,-0.004873327654296505,0.010050846189691924
-0.030890761866685837,-0.010542792783642804,-0.025,0.008648510622139626
-0.041999999999999996,-0.025,-0.025,0.009978529478629669
-0.04233064495342094,-0.019397544813705574,-0.0170738931319871,0.009686909159039652
-0.04554550344558744,-0.025,-0.018625026407283467,0.010160639433649723
-0.037608097826795195,-0.01785007024209103,-0.025,0.009184519908567777
-0.04625870613708501,0.025,-0.01842622630654025,0.010173667977557888
-0.041999999999999996,0.025000000000000005,-0.025000000000000005,0.009962309723605425
-0.04230608160132283,0.017322751054321277,-0.01957710214940347,0.009475110308727316
-0.05067494709244065,0.025,-0.01281366815759672,0.010161780470027857
-0.0562941902977711,0.025,-0.008447782462253561,0.010182563793188016
-0.04746331350013128,0.018157663136096354,-0.011027837834641703,0.009773921966118048
-0.03501747261780626,0.01713923066746252,-0.025,0.009064654150050717
-0.024787257084352643,0.010735438426884514,-0.025,0.008575192151472117
-0.02956521541913004,0.009065620793764212,-0.017155471153430878,0.008993350439350303
-0.021102437812153322,0.007317837520231132,-0.010564194586771979,0.009111704805120796
-0.049919163518595176,0.017853304587727548,-0.017012651611461357,0.009728120300499628
-0.05250648175680063,0.025,-0.01913407294982874,0.010286285313926042
-0.055991936941677256,0.025,-0.014763311371929688,0.010339557516644487
-0.045648159164141916,0.01934831664659664,-0.025,0.009432692271661436
-0.04945958175929758,0.02142665229386377,-0.021006325805730683,0.009876978147022411
-0.04899999999999998,0.024999999999999998,-0.024999999999999998,0.010107286176637824
-0.06182735848320764,-0.02006224204757115,0.008132551393985376,0.01019185268375222
-0.062303598136454225,-0.025,0.00361442503476328,0.010265441397698555
-0.05535259674886906,0.024999999999999998,-4.186826998368933E-4,0.010057423776127927
-0.05504629096904634,0.018128396130029215,-0.0014897673040619862,0.009956001628981642
-0.05680788737053709,0.01907400060996399,-0.012572809932241583,0.010015056296244322
-0.07,0.011695992135722012,0.01835301375965797,0.009939104484509511
-0.0647655991070335,0.01302804181281566,0.011688428448653676,0.010045080392965337
-0.07,-0.012004555099795762,0.018193320831299896,0.00996214213278372
-0.07,-0.006324776671824215,0.025,0.00933599268118039
-0.07,-0.025,0.017378581127377953,0.010781948783813325
-0.07,-0.019658156876955053,0.019657008200255878,0.010335926636716413
-0.07,-0.01893218453655895,0.012798389493526399,0.010406563287099437
-0.061351118829961054,-0.015124484095142296,0.012650677753207471,0.009978281018096022
-0.07,-0.025,0.009066132864822647,0.010605244020711455
-0.07,0.017641235581794826,0.003803053274831908,0.010404236961155867
-0.06290412986652297,0.025,-0.004448022430114615,0.010289296659987781
-0.06510318075754026,0.017043135433846453,0.0014586366541780688,0.010228410257185475
-0.07,0.025,-2.417770844642675E-17,0.010499751803878696
-0.05016856399749219,-0.017650557231938487,-0.0067586665785641774,0.00982832408050925
-0.05647635854627748,-0.014897745047189584,0.0018101785302701897,0.009934173788049205
-0.06217484487693857,-0.0054283475494027195,0.012146144664185538,0.009790402652297005
-0.07,0.009072779025401663,0.008358492065823663,0.0101857515877643
-0.07,-4.15349181671857E-5,0.015048123708737045,0.00989035733545087
-0.05927962356646735,0.0034339658622810805,0.006854205959496688,0.009800790234432965
-0.07,-0.00982524119985511,0.008365186348622733,0.010196483874606688
-0.06323817927313874,-0.012361493123522346,0.0050876824394464615,0.010058578326970756
-0.06123737250086336,-0.025,-0.006051268733355153,0.010267918270446964
-0.05714505704832314,-0.025,-0.012964918611059126,0.010312551983600518
-0.058812127733716156,-0.01655111446387697,-0.009274151360233301,0.009996406429797024
-0.06335483100165615,-0.019035523663158825,-5.464939193088479E-4,0.010203554343836383
-0.06309558624978467,0.025,-0.01304793895635404,0.010476121744708466
-0.06319768536444771,0.019683300722762666,-0.007400030599306869,0.010220899066802881
-0.03762215394422665,0.0010864868953732593,-0.025,0.008488305027161526
-0.035937602081516876,-0.005819149113994217,-0.012423730780958575,0.009198085448479009
-0.04231476555490967,0.005594370924091837,-0.01559907691638247,0.009171160422822284
-0.04057696625083229,-0.011638298227988432,-0.025,0.00883376686194473
-0.04935082426073932,-0.001253929001831052,-0.014048055451746961,0.009346847349470142
-0.04938539127458495,-0.019397544813705574,-0.017125213098250637,0.009808747772709547
-0.05255456624039448,-0.025,-0.018807322903271015,0.010308600492575768
-0.048999999999999995,-0.024999999999999998,-0.024999999999999998,0.010097523528432892
-0.055683346987055314,-0.020775557231938486,-0.014040737131752157,0.010065127319877997
-0.04593440734366483,-0.017289064790945337,-0.025,0.00926798319685041
-0.046216216308775426,-0.013795089627411156,-0.015443103293230261,0.009501964435380705
-0.059458703398944095,-0.025,-0.019418901626547823,0.010483379177686885
-0.04632738062995749,0.010275913173234084,-0.025000000000000005,0.008846230504174766
-0.05920205582623173,0.025,-0.0198412429327572,0.010459724234996238
-0.06307719643900186,0.019146482451824095,-0.017511171219385908,0.010127279383696399
-0.0648539446925109,0.025,-0.0204030788374535,0.01062130250542235
-0.05748375463803411,0.016590515485977123,-0.019702660608797353,0.009735306580683278
-0.04996648400032251,-0.007074037142555244,-0.024999999999999998,0.008811518735310647
-0.051739035689463087,0.0023593940404306457,-0.025,0.008769863417237782
-0.053522041521974734,0.010985002598368902,-0.014562609524374371,0.009591034503296458
-0.056,0.025,-0.025,0.010241475999872162
-0.05317769882601554,0.01859165650910087,-0.025,0.009501179023597093
-0.063,0.024999999999999998,-0.024999999999999998,0.010442614629241656
-0.06300817918104393,0.020096666932584828,-0.025,0.009885326906228597
-0.07,0.025,-0.025,0.010653687616236928
-0.07,-0.017863273973826303,0.004075922956672896,0.010404045664845053
-0.06999999999999999,-0.025,-3.469446951953614E-18,0.010493428224926693
-0.06381445721019488,-0.024999999999999998,-0.014053736228158278,0.010530062034832505
-0.07,-0.025000000000000005,-0.009066132864822659,0.01061354549124647
-0.06044955042901545,0.011965954559315373,0.005592899635853509,0.009969494946930418
-0.07,0.008656914082007194,-9.686897204605471E-5,0.010245522252404857
-0.06435223085309064,0.011992000461116085,-0.005287353388978744,0.010086960032111531
-0.07,0.017386566892706436,-0.004447458408179762,0.010394983984250655
-0.07000000000000002,0.025000000000000005,-0.009094691533898632,0.010606850997138222
-0.07,0.025,-0.01740550379113343,0.01077357878665026
-0.07,-5.224555951246577E-4,0.00430748883537585,0.010162084169028513
-0.06032455947805037,-0.0025024980597591643,-0.0024808741858445738,0.009881454695168067
-0.07,-0.009590980188758334,-1.4067438652865145E-4,0.010261915251914219
-0.06440606386685808,-0.013071047326317652,-0.004707412873380976,0.010117615300209168
-0.0626962012560985,-0.01949002055625142,-0.01852439260216639,0.010122454998137624
-0.06492401515682032,-0.025000000000000005,-0.019911709524216125,0.010630707525660182
-0.07,-0.02500000000000001,-0.017378581127377963,0.010781953552372077
-0.07,-0.01882495508952655,-0.013068802125008029,0.010398137883458896
-0.07,-0.017787139174063903,-0.0044504263798112,0.010400342556515377
-0.07,0.018472139750251672,-0.013211565518806942,0.010382984342635737
-0.06045128965472811,0.0027443131095734115,-0.015180843064669805,0.009585825310080422
-0.06219005659030462,0.01323863086244279,-0.015576939279042436,0.009850497188432856
-0.07,0.011270883738428675,-0.018628220217622074,0.009896339062661939
-0.07,0.019493086397175695,-0.019839266517823397,0.010305289469261236
-0.05599999999999999,-0.025,-0.025,0.010243049675459668
-0.05413224338362537,-0.01786958611357479,-0.025,0.009490444335365588
-0.060468387355376664,-0.013980041112502842,-0.01713707568011665,0.009789414517293525
-0.062124646977037165,-0.011408967761128715,-0.025,0.009268164009222405
-0.056386882966568956,-0.008102228927753943,-0.01249703398711145,0.009655910011327215
-0.06300000000000003,-0.025,-0.025,0.0104417663397961
-0.0630077370515027,-0.020022257434416754,-0.025,0.009889791780138529
-0.07,-0.025,-0.025,0.010650152632463125
-0.06015186463461798,0.011310963398099762,-0.025,0.009208136264622994
-0.06485018358777493,-0.005119029808820162,-0.016803556663874862,0.009677567434894258
-0.060897045768303376,-0.001998702115504354,-0.025,0.008980041101465762
-0.07,0.016816818403521387,-0.025,0.009813906231491691
-0.07,-0.019657531772210246,-0.019696318877628568,0.010335176892131533
-0.07,-2.0950602513915978E-4,-0.004967680397466248,0.010159069874189545
-0.05760624393331859,0.005454294706507877,-0.004779004123185194,0.009794691639256383
-0.07,0.009646716040804686,-0.009115942561666939,0.010180832573906945
-0.061576324448502195,0.014421312779270145,-0.010815301987548964,0.009987280657777726
-0.07,-0.009979797288217143,-0.008919813937755997,0.010195233462612955
-0.07,5.863104482257617E-5,-0.01559152827295231,0.009860391892687784
-0.07,-0.01171189579180596,-0.018315654770191925,0.00993305488234108
-0.07,0.006316948950380479,-0.025000000000000005,0.009319552482182187
-0.07,-0.016816818403521384,-0.025000000000000005,0.009814715341488586
-0.07,-0.006316948950380458,-0.025000000000000005,0.009323909128827653
0.05027409538441229,-0.010102254952810417,0.006033549953510382,0.00966587917765084
0.04851159910159836,0.010684222162417921,0.009719726108750822,0.00958754045581601
0.04700737716560125,-0.010102254952810417,-0.006198153832767144,0.009588468548657154
0.051677497820500705,0.004748441396092604,1.9429572715425888E-4,0.009668333068579059
0.05716791572464587,0.009175013431325043,-0.010708423962437054,0.009736410968625724
0.043584651541416185,-0.0032528186910130217,-4.144326271241967E-5,0.009478412408841218
0.03883224685852175,-0.00792436616218856,0.0077344075512412284,0.009384014751660149
0.04052368712975349,0.008872654046989734,-8.987167762126886E-4,0.009486352407587979
0.029424765230255518,0.012499999999999999,0.006409925023043595,0.009357271370468585
0.03652018412672381,-0.01130112747640521,-8.881855118869758E-5,0.009463360860524902
0.0340188783893227,-0.014481091540547142,0.006508499129840314,0.00945975057176601
0.02603299108784637,-0.012500000000000002,0.006020516730389749,0.00932478297837286
0.04567160430744649,-8.660126891887475E-4,-0.009347593909942607,0.00940569223041864
0.029577095013202027,-0.01522983652417432,-0.009448392401083087,0.009406978674657174
0.03129823791221712,-1.734723475976807E-18,1.5253843805638353E-4,0.009279565581461166
0.028000920694036566,0.014490665021212238,-0.013995847696754667,0.009290836961040763
0.03132091493352043,0.012499999999999999,-0.003039652797264486,0.009402166449781188
0.01476113440238573,0.01652331079048876,0.00937224130327588,0.009321647122028626
0.019112124647165715,0.008046621580977525,0.012533212153880655,0.009052890103422136
0.022859710666542382,0.011291217503166869,-0.0014866142447515862,0.00929517009669578
0.0230957096321361,0.013907264146827816,0.005556823818102072,0.009331046536337364
0.014378865815772253,-0.010783389917237556,0.01034688714563091,0.009135326821980285
0.022848372155890723,0.005041217503166868,1.0948137290884884E-4,0.009211933099499131
0.02427453071140999,-0.009392362265468614,-0.0027832155461074153,0.009262666426535709
0.01649097429026421,-0.0118114798113033,0.0019515869330630686,0.009251596286044762
0.01897196640961795,-0.0035548880067629044,0.0038819613088682554,0.009151037789746127
0.007005413234756618,-0.013831550215832182,0.007380129335501882,0.00922383878820723
0.00421451590092566,0.010769402642862014,0.012521562108397402,0.009051723803487928
0.009541815537793034,0.015771959771036098,0.003122272285360946,0.009291539003832212
0.011486904007976745,0.003310620146028884,0.006275399512079405,0.009076414740204734
0.016632940333494443,-0.014687832405659093,-0.008933660161558787,0.009277096720369051
0.018457747828001504,0.014375838728946147,-0.010311600886282284,0.009270830478046376
0.014366532282103613,0.010006053777969657,-5.150125710257075E-4,0.009218011447216226
0.01191018950859632,0.013914084295820778,-0.010425165132859682,0.0092130135646071
0.004322496673200344,0.015020608751583434,-0.0031276967325539885,0.0092661213330572
0.0067453324751536045,-0.006521393180268459,0.003640850212893438,0.009118913158708396
-0.006566723552041899,0.01254053549388465,0.014054039323581529,0.009081092010924129
0.007411307907695226,-0.013338799087776267,-0.008100838758123672,0.009209722646039552
-0.008231493594763497,-0.014249716961048582,0.011431950489006946,0.009195510019972196
-0.004070152883577302,-0.012164243021884402,0.0038677500273141176,0.009204574455363147
-0.0036254640338420703,0.012624970351465698,0.0035695263063316605,0.009215209318239999
0.011651939385531393,-0.004768769799880128,-0.0053560516657051365,0.009103134435963268
2.4596393537035387E-5,-0.012897854249658404,-0.004820735314645049,0.009213975892106499
0.00529153142367393,0.005041217503166868,1.7586870278153172E-5,0.009122442182173411
-0.004687940973145587,0.014296782003192867,-0.006139999339512337,0.009238701192344042
1.8657429507399105E-4,0.015819617165862814,-0.010901048013503958,0.009247850827974457
-0.0038154435522164756,-1.734723475976807E-18,-3.1250567205007816E-5,0.009081630550141053
-0.014372579245651265,-0.004267920403015035,0.010074919073824814,0.009024809238185478
-0.01832982451796355,0.010074768173338522,0.0063030136846127524,0.00920309638349822
-0.024800762752481498,0.014569691584109071,0.004319376900525588,0.009371026072285916
-0.007966060506177498,-0.015038831078940324,-0.01097415804150749,0.009224260377581542
-0.012408441827971874,-0.011680620837040183,-0.0011515022996778522,0.009231054710041858
-0.02610174420572151,-0.016894527026312004,0.006731832421806757,0.009425451684431931
-0.012325447785120765,0.008724698007574066,4.326649821993919E-4,0.009185994984825873
-0.016973919679783855,0.013187842342378226,-0.0016888542917493168,0.009284005941194868
-0.011326914519276145,0.014570728843715786,-0.009348054482038636,0.009240629042590851
-0.004648894333321992,-0.002656435993614265,-0.009337402649460294,0.008996150534371512
-0.0172717833749136,0.014768757566463878,-0.012523173801466189,0.009229168041387646
-0.017556840732208975,-1.734723475976807E-18,6.064393543892119E-5,0.009143913552284525
-0.020961786119810304,-0.012500000000000002,0.0032362502067130607,0.009290761466157595
-0.019393621013433678,-0.01132766215788065,-0.004671942229840924,0.009244892637141141
-0.025024552233137043,0.008933839301722053,-0.0013671843234739501,0.009271313534318492
-0.027120447748973004,-0.010102054271863259,0.008398135820588511,0.009257396209855865
-0.040586912459391715,-0.012604368467470938,0.009966661172686329,0.009476080173850487
-0.026178593012895914,0.0037254846862275082,0.010557748626245818,0.009100967715844696
-0.03319625114498255,0.012499999999999999,0.006426158573501429,0.009406485585614289
-0.020536295677827915,-0.003319155394701619,-0.00854783650539975,0.009096620478908002
-0.02780864161746333,0.015156905885158889,-0.012039230578532723,0.009346924468858696
-0.02721731174413007,-0.01132766215788065,-0.005927756926102255,0.009316677125778878
-0.03776973279077203,0.014681718756767121,-0.013580377475669106,0.00943274700988247
-0.03729522078606081,0.01701063836253916,-0.008424193960994225,0.009559204920322514
-0.03129823791220147,-1.734723475976807E-18,1.5253843808285018E-4,0.009276093941525553
-0.0336730705946554,0.007937425930071875,-0.00877578821292809,0.009276286262516177
-0.04010181415528762,0.011301127476405208,1.1400237036824394E-4,0.0095129354255654
-0.036648414302374255,-0.011476271631326137,-1.2215008932012217E-4,0.009464447750800726
-0.0389639311514019,-0.0165300658944678,-0.008967659926498237,0.009570996049223662
-0.043228376411151376,-0.005053216671341082,0.006291100622409262,0.009446287961049704
-0.03992874252256808,0.0036951936598434085,0.004776730760850188,0.009396811819561953
-0.04932427342512426,0.007006938877625775,0.005469224658567052,0.009606518968603636
-0.04500572836539044,0.011488582299834186,-0.006803986029716193,0.009571925257477397
-0.04249614635500409,0.0013001565331323733,-0.004652505140542329,0.009426966127889519
-0.04649802527388602,-0.010301114463876972,-0.005886206586460527,0.009592644080598702
-0.05064911895610074,-0.004795490094379168,5.93202577709936E-6,0.009642714666945572
