X,Y,Z,Bz[T]
-0.05351710207780393,-0.025,0.001527248064353566,0.009121279806668714
-0.051817440913649204,-0.025,-0.005368165482419885,0.009148974298414965
-0.06058602217763312,-0.025,-0.00476135345428721,0.009228324147785972
-0.05732221173317256,-0.016821211337322655,-0.0017205389303424578,0.009019713244683578
-0.0619023942147264,-0.025,0.00424529240687823,0.009231318286214818
-0.07,-0.025,-0.009386742806353812,0.009435358373566424
-0.06999999999999999,-0.025,-3.469446951953614E-18,0.009295839223577686
-0.07,-0.016257628090100923,-0.006899533374701457,0.00914685381100342
-0.05995099459938791,-0.015882045630663477,-0.009493105293201473,0.009002877664998956
-0.06358142863491945,-0.025000000000000005,-0.013829762433990356,0.009472781310286121
-0.05447187953256524,-0.025,-0.01178848830438032,0.009343129684916957
-0.05345889872492196,-0.019094147244911014,-0.010395128705570106,0.009055768056450229
-0.04734214318947452,-0.025,-0.009060030648977367,0.009219453763172505
-0.04769733398919118,-0.025,-0.014745721865118237,0.00935607974283998
-0.045779983971323754,-0.025,-0.0018369953988008562,0.009063721925417899
-0.04362248012512425,-0.01875,-0.004762737208799562,0.008972490343557135
-0.039629881484353605,-0.025,-0.006663707099595267,0.009109512460689213
-0.037047974442950854,-0.025,0.0010989888017655935,0.009009911516364549
-0.05681167048479763,-0.025,0.008179003381024563,0.009262628828714413
-0.053118500428685676,-0.018400739236079,0.005080886510232402,0.009020292867011444
-0.051865807234084405,-0.025,0.008518436449330641,0.009221976312390627
-0.0451358228008977,-0.025,0.0051582573462138695,0.009099852612609356
-0.047330352279607614,-0.02002761520465603,1.1055020486657947E-4,0.009002031244694597
-0.07000000000000002,-0.025000000000000005,0.009386742806353805,0.009432301298669801
-0.07,-0.014965353625559882,0.006704337507032317,0.009107449565087357
-0.06328999093778742,-0.025,0.013299484679480292,0.009448430197704116
-0.06293487782805526,-0.013389191089032294,0.0018386367129890463,0.009010565224942434
-0.07,-0.007052574652209459,-0.003449714264231473,0.008987142773622218
-0.05814560834080295,-0.019966916434251053,0.01298370339068217,0.00913747004647241
-0.05503315300315065,-0.025,0.01401662772722475,0.009402440100688672
-0.051631484461023315,-0.020333833680891377,0.012634768582716959,0.009098313349088569
-0.0475346996618589,-0.025,0.013213615083309805,0.009322712165605603
-0.07,-0.021572910470602155,0.021033919292395425,0.009319590807845024
-0.07,-0.025000000000000005,0.01767741410082578,0.009624738946053916
-0.06464951557561927,-0.025,0.020108503544501416,0.009571729156826601
-0.07,-0.025,0.025,0.009548368985401907
-0.05964483212608517,0.016121260176017588,4.873131558529255E-4,0.009027571828508088
-0.05670635830907031,0.0072425203520351785,-0.003918274818294685,0.008829628477946362
-0.07,0.004246616563118331,7.369402782684206E-4,0.00896089838553269
-0.07,0.014485040704070355,-0.0074811804830015385,0.009088477623130194
-0.07,0.014181004113041767,0.0049592627955544095,0.00909913763734298
-0.05670635830907031,0.003958491824072672,0.00713698587413435,0.008755320717077164
-0.056055195040997874,0.025,-0.00893384369224528,0.009264444577081022
-0.05582466141279874,0.024999999999999998,-0.015260630920807008,0.009425981511430502
-0.05886145511397278,0.018858750781505045,-0.009333324240181273,0.009090856040656008
-0.06314698349827812,0.025,-0.013343913162694836,0.009452232942783323
-0.052233231777283645,0.01883156308612878,-0.010491004066452706,0.00903306127942321
-0.050343449190352565,0.025,-0.013407745204699423,0.009360300705339376
-0.07,0.024999999999999998,-0.009371416643361087,0.009433149042699478
-0.062228872247620116,0.025,-0.004207511071215206,0.009235047732483757
-0.05347319792701122,0.024999999999999998,-7.296135167984013E-4,0.009123052652037961
-0.06258330594310002,0.025,0.004892901130000536,0.009243944272780805
-0.05037384383667493,0.018804375390752522,-0.003999579023709064,0.009003770565013629
-0.04782102180141541,0.025,-0.0070173729017709695,0.00915714945142277
-0.04550109480206396,0.025,-0.0014593036532970782,0.009062880092172149
-0.043769006598270745,0.018804375390752526,-0.006430068237858747,0.00896978902014079
-0.04327274357781144,0.025,-0.012829021896908988,0.00927870160263544
-0.07,-0.018011921780689694,-0.01685009361064755,0.009121768116069013
-0.07,-0.025000000000000005,-0.017677414100825784,0.00962398768988961
-0.06488303917268773,-0.025,-0.02012788225140978,0.009584947028031844
-0.07,-0.021486835927328963,-0.021191534467352727,0.009301266357907779
-0.05897938249227367,-0.025,-0.019637375175762098,0.009539096712422852
-0.05661286165799267,-0.021307239319926004,-0.01819617356022685,0.00919519635604321
-0.07,-0.010481875585058741,-0.01671370990891235,0.008793898936769797
-0.06152016566844697,-0.01761447863985201,-0.017246552646600737,0.008996998597476514
-0.06999999999999999,0.024999999999999998,-0.017663297799562324,0.0096217217562024
-0.06479794540677383,0.025,-0.02047035720005769,0.009596021450368596
-0.07,0.018816839692743663,-0.017565390417641158,0.009172807751582692
-0.06093519787516758,0.019242563318513945,-0.017166662120090635,0.009096477421555345
-0.05910082724804852,0.025,-0.019962666287419904,0.00954790653618176
-0.07,0.011505335800712608,-0.018285738939241094,0.008757156038492264
-0.07,-0.025,-0.025,0.009551308786084725
-0.059820618068562786,-0.0030733353684985576,-0.0010398190526528196,0.008842760305224517
-0.07,0.001846236902504645,-0.013785910789104412,0.00874925243928246
-0.07,0.025,-0.025,0.009548951168682207
-0.06300894063636236,0.01962637585552284,-0.025,0.008900743849784166
-0.063,0.024999999999999994,-0.024999999999999994,0.009487527757546299
-0.03416614068540385,-0.01788006470912857,-0.009015021654254262,0.008894634076015191
-0.034978119817910186,-0.025,-0.01277094869015518,0.00924720153266723
-0.030287153584065474,-0.025,-0.005059638018944428,0.009021405009146626
-0.027305694844912753,-0.025,-0.012470784533431034,0.009196867517957756
-0.013693094013897667,-0.020061957025452434,-0.01706647082699752,0.00891685208088014
-0.010024885171705439,-0.025,-0.018545927961602662,0.009312659020123636
-0.013536484663246626,-0.025,-0.012441681799206752,0.009157962033077085
-0.017219933732129013,-0.025000000000000005,-0.01872195088408991,0.009325223772143437
-0.02046229944161843,-0.025,-0.012606420717996863,0.009186111735417285
-0.006664990798160254,-0.02006195702545243,-0.0170886604379327,0.008913819899505512
-0.05549403798032544,0.012717501563010087,-0.01445913740914734,0.0087873206366626
-0.0593159670211427,-0.0067640912613269495,-0.014224857132115735,0.00867377650768675
-0.057405002500734076,0.002976705150841569,-0.014341997270631537,0.008592648266388952
-0.040506304035181025,-0.017380559939512298,-0.012742132628954512,0.008895391806363093
-0.04225478164434751,-0.025,-0.013463941501627441,0.009299736155970555
-0.05170555764753837,-0.025,-0.019145794473852965,0.009479536534836614
-0.04684646738495821,-0.016881055169896023,-0.016469243603654763,0.008863400494383462
-0.04501238736597393,-0.025,-0.019340855996469612,0.009432217530669942
-0.04261397903918291,-0.02094052758494801,-0.017824481735751185,0.009085468035658203
-0.03838149069340761,-0.025,-0.019179719867847604,0.009394048095402622
-0.021203176949279045,-0.02036149201020934,-0.01638739454048936,0.008960614957698069
-0.0240805278340126,-0.025,-0.018733928322250556,0.009342440705618005
-0.03470345994902617,-0.01788006470912857,-0.01590836187379132,0.00885981258542176
-0.03136179211131011,-0.025,-0.018846318458018547,0.00936107479981827
-0.028286111633344335,-0.02036149201020934,-0.016450865291929427,0.008991667604838983
-0.05409261971789235,0.018858750781505045,-0.01698242910919635,0.009027444599232588
-0.05269120145545926,0.025,-0.019505720809245362,0.009506270224632494
-0.046155056148881324,0.025,-0.019037313983763716,0.009441884597328445
-0.056,0.025,-0.025,0.009420631371580323
-0.054281717651580574,0.018192482773984997,-0.024999999999999994,0.008687034932273133
-0.0430578818989332,0.0199192975742735,-0.017508081500084576,0.009015381598066093
-0.03900302908636018,0.025,-0.018881390734859282,0.009401046789589898
-0.03590297558380583,0.025,-0.012595374267605465,0.00923859000475703
-0.03196264999988367,0.025,-0.018768748767082268,0.009370125904947494
-0.036264434656946724,0.01810189399759799,-0.01885393173923086,0.00882341702717284
-0.03499999999999999,-0.025,-0.025,0.009290810023385556
-0.041999999999999996,-0.025,-0.025,0.00933417091668567
-0.05599999999999999,-0.025,-0.025,0.009434517952322481
-0.02879604552934784,0.025,-0.012767897059037803,0.009218526428944936
-0.03101534618336436,0.018975020695698036,-0.0152643082499446,0.008916106679592974
-0.07000000000000002,0.025000000000000005,0.009371416643361094,0.00942872101848647
-0.06999999999999999,0.025,6.830473686658678E-18,0.009298415353497244
-0.006195270384409909,-0.025,-0.011820332913405299,0.00913116098443742
-0.009595214189593821,-0.020017398947924522,-0.009964867260033579,0.00890628314825224
-0.00948048361093766,-0.025,-0.005957112553372952,0.008982510892691148
-0.017346949072681778,-0.025,-0.0065599818703403895,0.009018421318833493
-0.02051478846365664,-0.01875,-0.0064200306534197855,0.00886430829031451
-0.02325728520727613,-0.025,-0.007876797561836369,0.009064298265383238
-0.022656162086649362,-0.025,-0.0012671900956940305,0.008953655410272423
-0.016168507223240598,-0.021125163348325704,-0.003673407362906837,0.008895303520094825
-0.01376149056154698,-0.01618221921532946,-0.008248905537788809,0.008774630086781919
-0.0012649583954776888,-0.025,-0.005002126746653242,0.008962161821029815
4.633441946376021E-4,-0.025,-0.012586524650875584,0.009162028828462577
0.002167824687830045,-0.020244621421607042,-0.00661731033440826,0.00887751787387733
0.004737668081040758,-0.025,-0.007558872635342049,0.00901526903064563
-0.03187961436398254,-0.0189059740079599,0.002861471015521071,0.008896512585174106
-0.031624261449839,-0.025,0.006846287531554163,0.009068298592080696
-0.03769912286121754,-0.025,0.007846890786912109,0.009118815515372957
-0.028948329691739008,-0.025,0.001681896843991719,0.008976687515139732
-0.02452983530694632,-0.025,0.006471336742835976,0.009028169316287225
-0.026984890719348485,-0.01875,-0.0056698587277218045,0.00888204409561781
-0.022443941438441313,-0.019970299822640904,2.290605999392636E-4,0.008880913835666566
-0.04172580795892552,-0.020445258250362877,0.009445960959568027,0.009017530409773654
-0.04148979391380263,-0.025,0.012755752734895015,0.009298436435010701
-0.034662633549195423,-0.025,0.01289858538526998,0.009240485951132306
-0.046577656451619195,0.025,0.005751111201178809,0.009125423958067525
-0.05164200738034476,0.014479245912036337,0.00644404853765658,0.008917680887540006
-0.043086985159057706,0.019478858854515436,0.004023876139610705,0.008970562015421055
-0.058688036934572224,-0.025,0.019554065476779348,0.00952597819337469
-0.051590091070573316,-0.025,0.01908012032485671,0.009476861794384214
-0.0549388126589385,-0.019869108815668224,0.01867123443855956,0.009065151550450536
-0.059479546196808265,-0.014933832868502105,0.017788403400339773,0.008810087893379026
-0.07,-0.017888929855789014,0.017039570082969004,0.009125397323542206
-0.07,-0.011349287614624271,0.01694963233925758,0.008811750533472605
-0.055869755656110485,-0.010520754087963664,0.01057680680067955,0.008799290932925256
-0.04783026501210031,-0.02032451591356232,0.017547602758669352,0.009066052029380782
-0.04457694654610439,-0.025,0.018968227901197267,0.009425594035595727
-0.06300000000000003,-0.025,0.025,0.009486330120035727
-0.06308933673750604,-0.019346911649040545,0.025,0.008877691064820632
-0.07,-0.0032163984977519704,0.01328229431573772,0.0087839494831348
-0.0585163938488715,-0.005026772575945546,0.017788403400339773,0.00846175862126833
-0.03802411600752735,-0.025,0.01905301347578539,0.009383415438986277
-0.04115894968126585,-0.016116765702140545,0.01737392428542891,0.008758399281780219
-0.07,-0.017070348212141543,0.025000000000000005,0.008728777294067394
-0.07,0.007916983648145344,0.014629340901856532,0.00879068714421993
-0.05695279009145578,0.012964058425002103,0.01572202426882829,0.008775089669776867
-0.07,0.0164515782294515,0.014069118529836971,0.00909308942611302
-0.059768048017277906,0.018982029212501052,0.010307462699414413,0.009102113741942749
-0.06450754749568882,0.025,0.01336291491919167,0.00948431813207407
-0.055627267071091696,0.025,0.009687828682274385,0.009281946691196117
-0.047787411986586446,0.0173864297986139,0.012186619643837916,0.008951777294309472
-0.052218768928251315,0.01920095790477108,0.015884503876488792,0.009031740482601884
-0.04795472166758548,0.025,0.01317030996578799,0.009326961780360129
-0.07000000000000002,0.025,0.017663297799562334,0.00961395801850725
-0.07,-0.006519224376057235,0.025,0.008211959115026125
-0.07,0.021225484048381975,0.02020862717227994,0.009307271662385343
-0.06523376133198158,0.025,0.01994898858422909,0.009605308180091547
-0.06138849432682014,0.019304202534011904,0.017653731349707207,0.009108191112880146
-0.03506733556730349,0.025,0.012429847006067613,0.009229769058187228
-0.03903514808090816,0.019892109878897234,0.012444935590010779,0.009004823305651149
-0.0387398771217711,0.025,0.006409905909891801,0.00908692312171616
-0.030973377595757464,0.019619935290871433,0.009280640520819316,0.00893996827199095
-0.04204827642676609,0.025,0.012114971075130529,0.009256363474930068
-0.04026352345020285,0.025,-0.005590591945097766,0.009077542848752208
-0.03554914100752433,0.01875,-0.0033150126265754296,0.00891232490576137
-0.03110056848770455,0.025,0.006070071264313366,0.009039963116775254
-0.027856899478483813,0.025,0.012459288632151278,0.009207924590909116
-0.035077755000028195,0.01875,0.002995059806110628,0.00891144324795765
-0.041045449264957456,0.025,0.001126257091625192,0.009032046618706888
-0.03469716640656306,0.025,1.9546584940360878E-4,0.008999601548165375
-0.02560083105103533,0.01875,0.003643868874055475,0.008873330150460624
-0.03204334050269682,0.025,-0.006550073601058748,0.009069017601401327
-0.025766257709782005,0.019848147393798074,-0.011674684760658341,0.008945287692802189
-0.026518842363862205,0.01875,-0.003654665289337103,0.00887628548020132
-0.026620092786201668,0.025,-7.095369888508781E-4,0.00896102914544105
-0.02590084366321601,0.025,-0.00789215585471813,0.00906267194493489
-0.019560281926303314,0.025,-0.005211403146229272,0.008997719889463874
-0.02178620655849305,0.025,-0.01260082872178174,0.00918338537810311
-0.003163727300654187,-0.025,-0.01876633010596028,0.009304653098189857
0.007789228839756638,-0.025,-0.012751724083135019,0.009165553199686633
0.005600607771137779,-0.01548924284321408,-0.008232493922163278,0.008748474367489505
0.011096681587523027,-0.025,-0.006280632802811499,0.009003987482837112
0.003233316375731563,-0.021195681740793226,-0.013546810344751284,0.008979580167803461
0.003729697506947058,-0.024999999999999998,-0.018832466587321486,0.009315240022524282
0.011111031179628555,-0.025000000000000005,-0.018591189834607214,0.009316372974513876
0.007000000000000009,-0.025000000000000005,-0.025000000000000005,0.009248007079591133
0.007410005597022818,-0.02119572023202424,-0.0165555128014999,0.008988832862642605
-0.06999999999999999,-0.017070348212141543,-0.025,0.008749520759645534
-0.07,-0.006519224376057235,-0.025,0.008220233281626672
-0.06300000000000003,-0.025,-0.025,0.009490064771637286
-0.06308933673750604,-0.019346911649040545,-0.025,0.008876037837137866
-0.048999999999999995,-0.024999999999999998,-0.024999999999999998,0.009364117081180984
-0.05472652312508867,-0.017659215255036227,-0.024999999999999998,0.008659626597754868
-0.062216946291686934,-0.010851384844386533,-0.025000000000000005,0.008299210197847419
-0.05510035653619472,-0.013188294489822028,-0.015422091928720327,0.008783088059248718
-0.07000000000000002,0.01707034821214154,-0.025000000000000005,0.008733489885012182
-0.06226357280256681,0.011448870937967884,-0.025,0.00833192253268393
-0.07000000000000003,0.006519224376057233,-0.02500000000000001,0.00821715518701145
-0.06116303204163248,4.672089360725981E-4,-0.025,0.008035336086724607
-0.014,-0.025000000000000005,-0.025000000000000005,0.009250120665751059
-0.0013225960882935128,-0.01739136348158645,-0.014341896606367548,0.008789857171268012
-0.025210431155378556,-0.015722984020418676,-0.014055412125840314,0.008761396811548965
-0.01832582606454549,-0.015722984020418676,-0.014040860758728171,0.008727244401458804
-0.006999999999999993,-0.025,-0.025,0.009247534155688172
-0.003519508228696854,-0.017504898768981973,-0.025,0.008470150243449485
1.452830911130576E-17,-0.02500000000000001,-0.02500000000000001,0.009208690160563844
-0.027999999999999994,-0.025,-0.025,0.009287210945086428
-0.02099999999999999,-0.025,-0.025,0.009260773134590899
-0.01039536440865725,-0.019498323766426462,-0.025,0.008657387020020087
-0.01016625429566632,-0.01512391405090486,-0.015410990769905123,0.008676892419920286
-0.017104978629720782,-0.017207105074388253,-0.025000000000000005,0.008471715041373902
-0.030681931439341767,-0.01811153375190005,-0.025,0.0085641689957352
-0.05222328741453769,0.008563931375344044,-0.025,0.008124035701171012
-0.048631934042285385,-0.00647560787044444,-0.025,0.008032067966540792
-0.04781800201633915,0.004281965687672022,-0.012677684576793916,0.008576491778157539
-0.03860290089650564,-0.015123906642027597,-0.025,0.008386065490329287
-0.038045127786742225,-0.010760129418257136,-0.012970405289564096,0.008652473620428232
-0.04650942111049904,-0.01895568117470919,-0.025000000000000005,0.008718977909839559
-0.02487347569725809,0.025,-0.018855216738057567,0.00932867385089847
-0.03185498076005788,0.015751625161896855,-0.025,0.008386440525185033
-0.02800000000000001,0.025000000000000005,-0.025000000000000005,0.009249205916762683
-0.023715067793770958,-0.017178692852988474,-0.025,0.008485860764517848
-0.029293971388010633,-0.009191525406609204,-0.025,0.008033644295052569
-0.03500000000000002,0.025000000000000005,-0.025000000000000005,0.009288522440776775
-0.04695097967667379,0.017068439515588937,-0.025,0.008556619700291873
-0.04711273471150622,0.01483859514854699,-0.016134772265309863,0.008780131491835605
-0.04200000000000001,0.025000000000000005,-0.025000000000000005,0.00934307059049609
-0.049,0.025,-0.025,0.009363535095194431
-0.039321799934008236,0.018720572429904644,-0.025,0.008641734960320453
-0.04076799159062931,0.00695948232697146,-0.025,0.007989324399611166
-0.033525840227533264,0.011203787995195981,-0.018826472743602437,0.008457536220849028
-0.03746771842652946,-0.005281682419831131,-0.024999999999999998,0.00794535037368644
-0.03383547392913694,0.00347974116348573,-0.01247686907750075,0.008497935560965512
-0.030884713914901375,3.097272982720209E-4,-0.025,0.007871273996618274
-0.017994334726661503,0.025,-0.01880758149584564,0.009332507660771027
-0.019276696237494964,0.017207254569351762,-0.016922068055932504,0.008751526931467463
-0.01493616097582516,0.025,-0.012149799383311538,0.009142422988975671
-0.012924050946636383,0.019417504667406275,-0.01701190012652764,0.008872158803017845
-0.011111030622963924,0.025,-0.018591188675260613,0.009315201982657043
-0.007789228951406421,0.025,-0.01275172409221762,0.009165725763032049
-0.0093183794043658,0.0152172730368271,-0.012212926480759561,0.008714224701807232
-0.023115167465844355,-0.006445968040837356,-0.015640039718249593,0.008400721158956927
-0.006571405655777799,0.021627754765460784,-0.01710173219712277,0.009022311382936542
-0.03159133869355648,-0.018001618296146746,0.011237840078745334,0.008890883084634446
-0.02785650115338248,-0.025,0.012691485508660671,0.009199066535872867
-0.03242828239890016,-0.022074371307401197,0.014272918493450979,0.00909836265631555
0.00542479255685268,-0.025,-9.018245639117357E-4,0.008924237457490923
-4.6798206155997113E-4,-0.025,0.0015681841854087372,0.008924409644800584
-0.006049914852373018,-0.01962980267330197,-0.00385344192053536,0.00885172331656612
-0.014258074367859891,-0.025,1.0297992447404897E-5,0.008933204337717673
-0.017816451728087837,-0.025,0.005670512453530202,0.008992782089329947
-0.006782451661582811,-0.025,3.5366857711816024E-4,0.008920995929891595
-0.016455648711777317,-0.016522599047726256,1.070076497448334E-4,0.008799097745132465
-0.01623564525462142,-0.01990188456573136,0.009957407281217766,0.008906227159719653
-0.013948934743219177,-0.025,0.012247355481715948,0.009165997669640805
-0.02081144155894338,-0.025,0.01254201920994246,0.009179581592284554
-0.010372400717678976,-0.025,0.00638835412087807,0.009007391442268876
-0.020938508968667717,0.01515271899344944,-0.008844136111865011,0.008762773616887811
-0.01738951127148413,0.01875,-0.001982900471024657,0.008843879105794683
0.006803517722142417,-0.018070681740793227,-0.0012747230836306382,0.008814174748456232
0.014003940732085156,-0.025,5.421154682548439E-4,0.008932957388856747
0.01053843262026602,-0.025,0.0060696648884521025,0.008979558895877222
0.020044285327044647,-0.025,0.0020433089678874514,0.008950809178519252
0.019560280296151183,-0.025,-0.005211406120020651,0.008987125590428949
0.013871261591791667,-0.018070681740793227,-0.003429513861685096,0.008829054543372246
0.01724279996784317,-0.025,0.0065826008151666626,0.009010127649044916
0.014924945691441151,-0.01875,0.00358216768416529,0.008845119011479892
0.02406482417569226,-0.025,0.006704911563984466,0.00903235711029095
0.02424695165831195,-0.02153537936162763,0.0016178413705870602,0.00891720215581922
0.026620101758467404,-0.025,-7.095428864905638E-4,0.008967237402238638
0.031100579550361055,-0.024999999999999998,0.006070070488560407,0.009046689438467837
-0.024064821037562262,0.025,0.0067049124720670265,0.009049507907495364
-0.02004428531618137,0.025,0.002043311564775087,0.008953298094887334
-0.030758849477947964,0.021399919113589294,0.015578779501481574,0.009053615005060607
-0.020937546813100852,0.025,0.012517688683310699,0.009191408414877304
-0.01724279969296558,0.025,0.006582600914520599,0.009014076092591273
-0.017730399222419698,0.020076359496724722,0.01241010391012611,0.008933828522255239
-0.021882462423348677,-0.01679467321324712,0.00792155333327511,0.008812913458145801
-0.02420544989002442,-0.021173545295810486,0.015309412243753085,0.009014417829790707
-0.019508326341775312,0.01695135949672472,0.005268754665940159,0.008823461442847291
-0.03125627512824318,-0.025,0.019042848070824313,0.009356878937088432
-0.03573904916481122,-0.01878872082563363,0.018128665669138913,0.008888849804820471
-0.024397203116525597,-0.025,0.018841232510427137,0.009343013445106947
-0.0429164237117364,0.01997972833871373,0.01515715436738233,0.009035935076246993
-0.03850247404110012,0.025,0.018549555143218883,0.00938755997503514
-0.04488517945034931,0.025,0.018599143750933793,0.009446707634990024
-0.02305382519761204,0.02007635949672472,0.01568912347850472,0.008949292696104316
-0.031514509807604354,0.025,0.018650935852961098,0.00934942511415832
-0.03366079947741211,0.017799838227178583,0.018698270370811867,0.008784349289480773
-0.035,-0.025,0.025,0.009287959951435254
-0.04899999999999998,-0.024999999999999998,0.024999999999999998,0.009379242650544297
-0.05599999999999999,-0.025,0.025,0.009427842987502837
-0.041999999999999996,-0.025,0.025,0.009318026199614627
-0.054726523125088675,-0.017659215255036255,0.025,0.008647343954960824
-0.062216946291686934,-0.010851384844386533,0.025000000000000005,0.008287505546902831
-0.04650942111049904,-0.018955681174709214,0.024999999999999998,0.008704591480913775
-0.05078958767815997,-0.014728088495579748,0.01696953703870793,0.00876733251580372
-0.07000000000000002,0.01707034821214154,0.025000000000000005,0.008750583489842732
-0.06300894063636236,0.019626375855522758,0.025,0.008898774996126157
-0.07,0.006519224376057236,0.024999999999999998,0.008188493985628882
-0.061163032041632495,4.6720893607257036E-4,0.025000000000000005,0.008043807203966701
-0.0522232874145377,0.008563931375344093,0.025,0.008085937270022192
-0.04873717494984983,0.00545898707552207,0.016068492937067178,0.00847787824078035
-0.03860290089650565,-0.015123906642027611,0.025,0.008350925048849413
-0.0486319340422854,-0.006475607870444447,0.025,0.008002401095570115
-0.04370137284903023,-0.005203301740226905,0.012911796124189141,0.008548167563701537
-0.037467718426529475,-0.005281682419831131,0.025,0.007942308424273504
-0.03378774496543381,-0.010570930409539542,0.017594778702867374,0.008473696818131043
-0.0622635728025668,0.01144887093796787,0.025,0.008326655387600494
-0.04076799159062934,0.006959482326971467,0.025000000000000005,0.007966464908996855
-0.03383547392913695,0.0034797411634857334,0.012523130922499251,0.00849271496776529
-0.046950979676673825,0.017068439515588937,0.025000000000000005,0.00857362313134953
-0.03580708914721986,0.010599676454357165,0.018745604888662632,0.008443443880762926
-0.05428171765158059,0.018192482773984966,0.025000000000000005,0.0087091371783839
-0.07,0.025,0.025,0.009555265189572882
-0.05977223192927872,0.025,0.018955937257663036,0.00954851524652137
-0.063,0.024999999999999994,0.024999999999999994,0.00949307186936397
-0.05239842238139518,0.025,0.01843467596004783,0.009508166783017318
-0.055999999999999994,0.024999999999999998,0.024999999999999998,0.009420342775323009
-0.04900000000000001,0.025,0.025,0.009358151329335495
-0.024480508983157585,0.024999999999999998,0.01885783715410446,0.009334443971060603
-4.633443020650302E-4,0.025,-0.012586524648866067,0.00916710673861869
-9.242004362526754E-4,0.02010863651841355,-0.008337332165390015,0.008883599174728222
-0.011096681506517683,0.025,-0.006280632723594004,0.008993680286514972
-0.0135984308875414,0.014505677755931496,-0.006488770454121903,0.008743789994188463
-0.004737668102882418,0.025,-0.007558872571410733,0.009018046206911838
-0.006258352806415077,0.01385863651841355,-0.004133404796378796,0.008721024950385136
-0.0028951854052733208,0.019429318259206775,-0.0012826103011535966,0.008838086420207775
-0.014003940172714231,0.025,5.421171100514974E-4,0.008933193038129159
-0.008398392955528555,0.019429318259206775,9.681303862833907E-4,0.0088437939645343
-0.010538433104642031,0.025,0.0060696655689455765,0.0090046790624716
-0.00542479259029751,0.025,-9.018245241104155E-4,0.0089199031212786
-0.003449636310515758,0.025,0.00631810700910977,0.008979075778896584
0.0012649583259223968,0.025,-0.005002126703609881,0.00896039150442148
4.679819958684356E-4,0.025,0.0015681841940716028,0.008925169150893218
0.006195270326302502,0.025,-0.0118203329387491,0.009140186017200496
0.006802131567157199,0.016304318259206776,-0.0019204260381052542,0.008781548217884733
0.006782452097266398,0.025,3.5366855355087323E-4,0.008922456800737683
-2.566504869504301E-4,0.019471041037260745,-0.016509402488053798,0.008873135565526262
-0.0037296974264931088,0.025,-0.018832466504648676,0.009323230069083916
0.018559163545393047,-0.01773109959365187,-0.008932159708618548,0.008835075421205355
0.021786202899484096,-0.025,-0.012600829185841326,0.009196263392811788
0.025900839680124257,-0.025,-0.007892161823371255,0.009077723827977006
0.014936158953061728,-0.025,-0.0121497991554637,0.0091587030601344
0.011090313687098579,-0.017391440464048485,-0.014278559015678309,0.008793676938285816
0.01454232416784647,-0.021195720232024248,-0.016543070530304453,0.008999559263709557
0.01799433464859436,-0.02500000000000001,-0.018807582044930597,0.009332648508164504
0.014000000000000012,-0.025,-0.025,0.009256641290318696
0.0037142492259314725,-0.017144989123248078,-0.025,0.008455585449556937
0.010643146279657935,-0.019515140722974222,-0.025000000000000005,0.008645306898835704
0.024299407007507396,-0.01724095363378913,-0.00380367735933557,0.008837255132817703
0.032043379962861204,-0.025,-0.006550087092592678,0.00905556820816205
0.023247065498994423,-0.017391517446510515,-0.014434805555552,0.008807182491268705
0.024873473732918806,-0.025,-0.01885521782438001,0.009341801863824693
0.02879603910174487,-0.025000000000000005,-0.012767904739135118,0.009220836805515062
0.03132930506621894,-0.020090295399399164,-0.012157227786952319,0.00897705322907854
0.035902962017562004,-0.025,-0.01259538933684054,0.009229440972777636
0.028288363998674192,-0.020523002169609502,-0.018042496438923306,0.008973631951548447
0.005693258001888042,-0.01031422533342543,-0.01745873155338741,0.00840298787403418
0.0031637272238284886,0.025000000000000005,-0.018766330105882013,0.009310812987145249
0.010024884622789151,0.025,-0.01854592823343562,0.009307713875312758
0.006903166543497469,0.02040103847133473,-0.017349970389706496,0.008934269167581008
0.013537306432325383,0.025,-0.012441089052528,0.00917725355512407
0.010665452142580563,0.020787877795158293,-0.010730115327157095,0.008934577385467175
0.013050387779378836,0.016456248639130654,-0.015336199522867315,0.008719740666476662
0.01721959023702492,0.025,-0.0187217495494561,0.009322905082748776
0.017930194751972252,0.020108482553489484,-0.012372396812986911,0.008933839369833158
-0.007000000000000009,0.025000000000000005,-0.025000000000000005,0.009238237860973995
-0.021000000000000008,0.025,-0.025,0.00924821772334268
-0.014000000000000012,0.025,-0.025,0.009250257509389632
-0.017614883506322204,0.019261790145254087,-0.025,0.008627011225429465
6.544691332335678E-4,-0.009599718682995695,-0.025,0.00801800193049077
-0.0033935908625729594,6.041563930248017E-6,-0.025,0.007797364179780712
0.002328834456612049,-8.289438941267363E-4,-0.015001616466358265,0.008331067716270941
-0.0103076234196272,-0.00524782810180972,-0.012276053578207586,0.00846315452771048
-0.01984606258526565,-0.009459659966659624,-0.02500000000000001,0.008032881575162716
-0.010222050922105876,-0.01049565620361944,-0.025,0.008017021864385725
-0.026396744864362803,0.015452172077673148,-0.016922068055932504,0.008682939551431658
-0.02849757170159234,0.008167705408649098,-0.025,0.007986266607119128
-0.022316736011032127,0.005305437986898878,-0.01247686907750075,0.00848178570891151
-0.024240432578590824,0.01730682337100624,-0.025,0.008478531055018777
-0.02254770707705722,-3.919360816747111E-4,-0.025,0.007821214859843384
-0.015074815613841202,0.007425251504035683,-0.018738434538750376,0.008278387046973508
-0.01773051575441969,0.010610875973797756,-0.024999999999999998,0.008045474411020508
-0.010596776572219534,0.017180328947933185,-0.025,0.008436372401884586
-0.013663251829084146,-4.3900201237519903E-4,-0.02500000000000001,0.007802055846681888
-0.003499836317330203,0.017587492050032072,-0.025,0.008467226031276117
-0.004659854884819333,0.012341250890386854,-0.018564369233244338,0.008439440769149743
-0.007832895216650277,0.009545065021172486,-0.025,0.007963828727913132
0.0034209495462710457,0.01114375242896614,-0.01981942572889641,0.008336420493413566
-0.027599458221105454,-0.017347090591620967,0.01807680527756371,0.008750554758163241
-0.027999999999999994,-0.025,0.025,0.009272350812103355
0.009647793475985354,-0.01875,0.006470163452689569,0.008840092315584629
0.013833656749183593,-0.025,0.01229979780143512,0.00915279951131825
-0.003497847626656017,-0.025,0.006688492421768015,0.008998238943503328
-2.9673141371320215E-4,-0.01739136348158645,0.005544605449478324,0.008803162138437678
0.0034496363011735573,-0.025,0.006318107005303402,0.008991210903669397
4.7165268031362784E-5,-0.025,0.012655072110651179,0.009151414485808064
0.007077457844150516,-0.025,0.012344514794756366,0.009152147963961129
-0.009055222143898964,-0.018658789234956685,0.005321987314293345,0.008842255424081564
-0.006886124828611284,-0.025,0.012565801132808613,0.009166528324039786
-0.011324100618897128,-0.019541092323844215,0.013150132049917213,0.008895901676223651
-0.004557786918695029,-0.020230731793502852,0.0115790664733061,0.008914901311011495
-0.017285680842754073,-0.025,0.01877061277552966,0.00932587263048352
-0.020655214259872608,-0.01919032518509939,0.02015470612187654,0.008813343957017236
-0.020999999999999974,-0.025,0.025,0.009249934956520215
-0.01047775827877373,-0.025,0.018780691954990117,0.009310082584979389
-0.015470367814393924,-0.020354209605479,0.01747519511443215,0.008939427675568174
-0.014,-0.025000000000000005,0.025000000000000005,0.009252394767781861
-0.0035034463639689317,-0.025,0.018807283651703935,0.009300465339789682
-0.007326527506898462,-0.02028594535612713,0.01803161387395535,0.008912608392708337
-0.007000000000000006,-0.025,0.025,0.009240460642224902
-0.017439925054490105,0.025,0.018733913123911712,0.009312528519318275
0.003497847618161243,0.025,0.0066884924216399355,0.009003351213033639
-0.001622741440735358,0.01875,0.008300594170715532,0.008846451982490107
-0.007077457795147006,0.025,0.012344514918620375,0.009159299266464995
-0.008767127432839663,0.0152172730368271,0.01251187221956983,0.008710242679792321
-0.013833657032772898,0.025,0.012299798017347242,0.009182041204642976
0.0049306836519290905,0.01875,0.005840056733988465,0.008839127672684714
0.01016100315468903,-0.02050378518074355,0.014077812372397117,0.008934269713826111
0.018706060468812125,-0.02136956688479471,0.011232929331514015,0.008979138893843957
0.020937546457875364,-0.025,0.012517689300304937,0.009193742922961176
0.010500000000000023,-0.025,0.018857405528871822,0.009306091058829019
0.003608392552178513,-0.025,0.018790528132898533,0.009310044790426195
0.01743992583891535,-0.025,0.018733910812298103,0.009315291565780036
0.03469718493433676,-0.025,1.9545093279088602E-4,0.008999223118127649
0.03513199524925124,-0.017676595880179852,-0.003812749090507911,0.008887845642358923
0.04026356782183382,-0.025,-0.0055906384099043485,0.009078553675691105
0.041045510774260274,-0.025,0.0011262427366772083,0.009036063404567418
0.03019922876803657,-0.018070758723255254,0.0021715094814801837,0.008876160727906344
0.023578464188440652,-0.01773913376958941,0.010166060861592907,0.008852352005170604
0.02785690665382783,-0.024999999999999998,0.012459289437494447,0.00919500222164423
0.031514510105665,-0.025,0.01865093680677131,0.009369552279630392
0.02769484277215626,-0.01993249692417695,0.017318991247163167,0.00894181115179886
0.03506732825121614,-0.025,0.01242986014947041,0.009250337260232746
0.024480510931507132,-0.025,0.01885783737656438,0.009340149326870991
0.03873992817486119,-0.025,0.00640989644869553,0.009097909291717665
0.03392803246781501,-0.01795554403117368,0.008138256057548185,0.008893963522925256
0.04204829180812189,-0.025,0.012114972314939592,0.009261778943844843
0.03765683616759346,-0.0178403293390921,0.014105002633616184,0.008895375728548685
-4.715667300635856E-5,0.025,0.01265507145342909,0.009161369002067515
-0.027543309641200612,0.015773346976374555,0.018745604888662632,0.00863847937778173
-0.019621012459194353,0.017207254569351762,0.018760204901452488,0.008698756456940706
-0.013191005469580939,0.017239531591040594,0.018755936109784918,0.008701553050350792
-0.03068193143934176,-0.018111533751900083,0.025000000000000005,0.008558792469114094
-0.023715067793770923,-0.01717869285298848,0.025,0.00844747997009039
-0.03932179993400824,0.018720572429904644,0.025,0.008658081140148186
-0.03500000000000003,0.025000000000000012,0.025000000000000012,0.009290023021268962
-0.042,0.025,0.025,0.009327149463498649
-0.02100000000000002,0.025,0.025,0.009244176287196516
-0.024240432578590838,0.01730682337100624,0.025,0.008474420030479607
-0.02800000000000001,0.025000000000000005,0.025000000000000005,0.009247514452112165
-0.03185498076005784,0.01575162516189687,0.025,0.008362853700263349
-0.028497571701592322,0.008167705408649063,0.024999999999999998,0.007974391883973706
-0.02929397138801064,-0.009191525406609183,0.025,0.008008444416869143
-0.03088471391490139,3.097272982719862E-4,0.025,0.007869832334326102
-0.02098771463847029,-0.004766954219797682,0.014135304467940537,0.008425133331782663
-0.022316736011032137,0.005305437986898878,0.012523130922499251,0.00848781665721121
-0.010500000000000023,0.025,0.018857405528871822,0.009300999623326839
0.010372829102348796,0.025,0.006497944193826245,0.008996083185088353
0.012470372202175856,0.01907431528999678,0.003887521433435414,0.008848111181946512
0.009877501186399398,0.020541650423330775,0.010443816364133668,0.0089267921076685
0.006889821555753531,0.025,0.01256651264380143,0.009149873607816937
0.013985030475933885,0.025,0.012351684621346809,0.00916073765166203
0.00947913229366057,0.025,-0.005955529940531008,0.008993056808415115
0.00293794875244278,0.015289700493570545,-0.00923082195143386,0.008736961245109337
0.02046229962279533,0.025,-0.012606421053733378,0.009195207761025398
0.03028715388481656,0.025,-0.00505963790177655,0.009024997345002565
0.028048075974399424,0.01875,-0.003574925904743013,0.008879988185692378
0.027305691293222425,0.025,-0.012470784396814915,0.009185208415891688
0.03187679925889539,0.01703257450927367,-0.009508129245242952,0.008854686413663998
0.023257279600930308,0.025,-0.007876799777301866,0.009064792935819094
0.01776821969848384,0.025,0.005842967706605317,0.009011296839572462
0.014146129289450846,0.025,1.1240702269881345E-4,0.008938326777850196
0.015743302069733327,0.01521696510697897,-0.00601210886368896,0.008766144379368498
0.02282489847146917,0.015625,0.0015736307914772502,0.00879875862454795
0.017346945871126212,0.025,-0.006559994178863196,0.00901984508380355
0.022656138301753347,0.025,-0.0012671866380002481,0.008961281591487168
0.02461774189887322,0.025,0.006474732797739975,0.00902341927657603
0.03497812168950462,0.025,-0.012770938499079794,0.009245640446479892
0.03196264104652634,-0.025,-0.01876874895941063,0.0093628931420837
0.02800000000000001,-0.025000000000000005,-0.025000000000000005,0.009282026209960865
0.052675862532302054,-0.01982205476840667,-0.006260154016238692,0.009055626260328907
0.05605519264995351,-0.025,-0.008933934901867181,0.009272391611252578
0.05347316827695918,-0.025,-7.297164331774419E-4,0.009116050458745436
0.04782102851145276,-0.025,-0.007017466485544166,0.009167770460254602
0.045501184031166084,-0.025,-0.0014593668844585777,0.00906352893253316
0.05034346215198836,-0.025,-0.013407825223409622,0.009341814998619911
0.03918065295286602,-0.01815227601037939,-0.011375253622194997,0.00892881076461949
0.04327273160278773,-0.025,-0.012829051189326202,0.009294990356665818
0.03862381173827058,-0.019676628782978475,-0.016046598703584564,0.008981582480516587
0.03900305743582737,-0.025,-0.01888144020797773,0.009408643465597243
0.055824675674090135,-0.024999999999999998,-0.015260683806481014,0.009435886904967513
0.05645050429093293,-0.02131849370757972,-0.014593007501600096,0.009202031957802505
0.05910085309995192,-0.025,-0.019962670810619657,0.009540668648148341
0.05269127186485585,-0.025,-0.019505743761472044,0.009477544000842388
0.04259100211958971,-0.02033043819660647,-0.019201606735656716,0.00900934007354283
0.04615506365000838,-0.025,-0.01903737905819297,0.009436225149177763
0.04200000000000001,-0.025000000000000005,-0.025000000000000005,0.009327251329549001
0.047342143468332265,0.025,-0.009060017027601995,0.009199356613684779
0.04769734383195974,0.025000000000000005,-0.014745733302995546,0.00935469389752186
0.04809460179703412,0.02148171802261116,-0.007947021994358965,0.009075276637044718
0.04225481050271837,0.025,-0.013463951226347241,0.00928670473735456
0.06314697396427721,-0.025,-0.013343934051998093,0.009469627227115316
0.05447184665640459,0.025,-0.011788539409691025,0.00932800881608578
0.050892743509061956,0.019640821816007556,-0.011063755559723665,0.00905643867913516
0.0032091997044060745,0.019406634829397876,-0.025,0.008634788141503036
-1.452830911130576E-17,0.02500000000000001,-0.02500000000000001,0.0092264113656487
0.03500000000000002,-0.025000000000000005,-0.025000000000000005,0.00929122300186202
0.03161179365210899,-0.019473470267059256,-0.025,0.008685125199897918
0.021000000000000008,-0.025,-0.025,0.009240153533230894
0.024843250519256635,-0.01722998769670781,-0.025,0.008482182026312342
0.01731702374009133,-0.017599038289282887,-0.024999999999999998,0.00848922131262875
0.016503556765369354,-0.010499464789677924,-0.017625985321409146,0.00841208708272111
0.010867980879708923,-0.010845723703677958,-0.025000000000000005,0.008020185162516926
0.022323083071619117,0.01521696510697897,-0.012303704573445824,0.008739918237758819
0.020859172259202835,0.018567412410814596,-0.01869289035403455,0.008808468278350497
0.029333578028693255,-0.011767069788283265,-0.015209278327422244,0.008593037370198835
0.006875153676047872,1.4270635726258002E-4,-0.025,0.007792559242987128
0.024080527318430318,0.02500000000000001,-0.01873392842134618,0.009339474729145997
0.028560874996537224,0.019045752361615802,-0.01634572534484318,0.008892855061519551
0.006999999999999993,0.025,-0.025,0.009242928258534278
0.014,0.025000000000000005,-0.025000000000000005,0.009223105393174244
0.009889520576509516,0.017257205207264648,-0.025,0.008442385934564157
0.002992000251335652,0.010869092147308398,-0.025,0.00800466998435824
0.012952551328331587,0.009052684536279401,-0.025,0.007952963572073318
0.010357915741685098,0.00750501521644525,-0.01825690963329782,0.008293776759404327
0.017637817199975352,0.012134824821629185,-0.018651852286722913,0.008450793340157857
0.017628809201494327,0.01753888973837668,-0.025,0.008476194336844753
0.02099999999999999,0.025,-0.025,0.009254632894704934
0.024149968828961706,0.01925889896367125,-0.025,0.008639663419352218
0.031361790777660006,0.025,-0.018846315959211914,0.009356815016452533
0.03570552254339135,0.015315149018547336,-0.015441332585742889,0.008750690672952758
0.04357300031561606,0.01632009457257114,-0.015666233418455414,0.008827416861848849
0.03898016652305486,0.020157574509273666,-0.014452641906045066,0.009018110368649811
0.03838149956892502,0.025,-0.019179720181719227,0.009422438035155476
0.06222892293702337,-0.024999999999999998,-0.004207572449664195,0.009238595714431063
0.046577707064730106,-0.025,0.005751148164984295,0.009122717025639875
0.0416919455054769,-0.019173246746702947,0.006402724672295793,0.008967765322361765
0.044487290770187864,-0.015277907886635713,-0.0018609939656549816,0.008891332571749769
0.05000169752461572,-0.017018298137933395,7.149930974782518E-4,0.008967418046766722
0.0066761769710671215,-0.01858612669484345,0.019978896366856284,0.008744863118585397
0.00700000000000002,-0.025000000000000005,0.025000000000000005,0.009230379827716498
-0.019846062585265674,-0.00945965996665965,0.025,0.008007954736719962
0.002709207662476303,-0.017657112666712715,0.014957792733712567,0.008790772374240842
-0.0171049786297208,-0.017207105074388288,0.025,0.008453460439608528
-0.012433152106976203,-0.014191229198984261,0.0187491548477697,0.008528168031468704
-0.019268823456483144,-0.015237105154893443,0.015443797838849128,0.00868205704644484
-0.010395364408657277,-0.019498323766426504,0.025,0.008643317347870003
1.452830911130576E-17,-0.02500000000000001,0.02500000000000001,0.009225146084101505
-0.0035195082286968472,-0.017504898768981987,0.025,0.008461986002759214
-0.010222050922105921,-0.010495656203619481,0.025,0.008016173856754684
-0.006894366297475311,-0.00511086448777405,0.017260513356773956,0.008280107776787927
0.0029842436395323972,0.020476658707349465,0.014239193619670543,0.008936886841454926
-0.014000000000000021,0.025,0.025,0.009236188217354663
-0.01761488350632221,0.019261790145254087,0.025,0.008621323085092576
-0.001823686874062344,0.018255509530921567,0.015758522332162652,0.008802638561407235
-0.0036083924800444575,0.025,0.018790528134112618,0.00931447273401829
-0.008399698974812698,0.021119765795520298,0.018773232121948768,0.008971229312287379
-0.010596776572219562,0.017180328947933143,0.025,0.008423194645445133
0.0479547166140836,-0.025,0.013170296696817619,0.009325555861066913
0.05122288768155539,-0.019838409904657753,0.006557747407583323,0.00905039611829158
0.055627416828852166,-0.025,0.009687777355738808,0.00931113034811584
0.06258330837678769,-0.025,0.004892879743149774,0.00925349634772772
0.04127100456285361,-0.02142016466954605,0.016352072693605654,0.009115931468677473
0.03850247359193981,-0.025,0.018549549346289516,0.009402740286987366
0.04488517295811376,-0.025,0.018599142753595123,0.009431232474794033
0.04424888506253808,-0.01646917193966686,0.015724015203455757,0.008847864674881455
0.010447500494982845,0.025,0.01878459847901752,0.009303296039276892
0.015050683992799631,0.016211960648739976,0.013257402024590682,0.00874915971347411
0.020860801870096816,0.025,0.01258987865103385,0.009188938119953175
0.013244548465227544,-0.016007570361487092,0.01581110995003787,0.008696991322818095
0.02044774396426599,-0.017669086029436145,0.017583030430796457,0.008770790847396258
0.03463431490985122,-0.018656899803075687,0.01955250131680809,0.008836403141541811
0.014000000000000021,-0.025,0.025,0.009237107072241535
0.01064314627965794,-0.019515140722974188,0.025,0.008648246718501949
0.0037142492259314673,-0.01714498912324807,0.025000000000000005,0.00842494363018003
0.02100000000000002,-0.025,0.025,0.009247144529634268
0.02800000000000001,-0.025000000000000005,0.025000000000000005,0.009281194437437683
0.024843250519256642,-0.017229987696707805,0.024999999999999998,0.008473441394409795
0.01731702374009133,-0.01759903828928288,0.025,0.008481071587128446
0.03500000000000003,-0.025000000000000012,0.025000000000000012,0.009298188545654628
0.042,-0.025,0.025,0.009346316016368759
0.03161179365210899,-0.01947347026705927,0.025,0.008692932918877877
0.03090917461280539,-0.014864993848353903,0.015780145117761955,0.008702850422485392
0.024113161460719016,0.018343313402799797,0.009910668600939131,0.008878028027837572
0.02787038662794816,0.025,0.012736912399242156,0.009227979203312947
0.022580805213172173,0.018010554072855962,0.01766607411224507,0.008793607961720016
0.0035034586215390573,0.025,0.018807283895529346,0.009324906446964158
-0.00700000000000002,0.025000000000000005,0.025000000000000005,0.009236355647522369
0.017311743380800274,0.025,0.01884296621504429,0.00932773626937417
0.024377920631632993,0.025,0.018856237274669348,0.009339291884298146
-0.017730515754419716,0.010610875973797756,0.025,0.008055745908552271
-0.015541931721935898,0.01026135551186299,0.012517501571034541,0.008555636252156369
-0.00783289521665028,0.009545065021172437,0.025,0.007986897175546346
-0.012344156235688358,3.3379592692825866E-4,0.013429625444866476,0.008388616806763729
-0.003600217075118329,0.011511019061843129,0.01886197321089621,0.008389166050668738
-0.022547707077057264,-3.9193608167473887E-4,0.025,0.007824719807099137
-0.013663251829084188,-4.390020123751989E-4,0.025,0.007818373717144335
0.06087572345069447,-0.015922903879996213,-0.01059368634308213,0.009004903259868443
0.05970444691109626,-0.01465353349782689,4.0402703101155324E-4,0.009001286831336747
0.029106626274836,0.025,0.0018157653794255886,0.008983283285497754
0.035187546515459495,0.01875,-0.0023933167014798763,0.00891024568159888
0.03215073581901081,0.01671579295477174,0.0032713951988294467,0.0088531306829673
0.0316587533469624,0.025,0.0068466857871986465,0.009065742920752545
0.03464219352611743,0.025,0.013006624940093428,0.009248491242086597
0.03319336126224438,0.0194104856830147,0.00992570014813621,0.008938832734200835
0.03764451270819921,0.025,0.008023581211235586,0.009117913696019778
0.0396188684093918,0.025,-0.006691931231437395,0.009099806566300033
0.0431350399013151,0.01569377675383346,-0.008070397887580407,0.008874172067867846
0.0369350793838735,0.025,0.0010960317685260249,0.00901399632113323
0.041235589941030173,0.01853760634881803,0.002494038804668089,0.008936786846298297
0.04513762813796324,0.025,0.0051659315394918595,0.009107081382255591
0.04154444968343124,0.025,0.012791393630225634,0.009283746827149289
0.04292109121933872,0.01899966454324271,0.009927159846060005,0.008980065636464819
0.04571122444827405,0.025,-0.0018182396616176575,0.00905778415516372
0.051646439962921155,0.01993492262142564,0.003328725820396892,0.009036442567632124
0.05351689502194969,0.025,0.001527372568223856,0.009123271317447428
0.051865504672056556,0.025,0.008518874776540052,0.009231831440635503
0.05181735883550512,0.025,-0.005368086567479337,0.009141125026529417
0.055513863624236576,0.019202065705238372,-0.0036317221835264054,0.009054156131182127
0.05680704846177259,0.025,0.008175875957881058,0.009257930961142448
0.06058594618249613,0.025,-0.004761240766674453,0.00922483118421944
0.056603092234468314,0.01318365214410431,-0.009178248039245494,0.008893631630976622
0.06358141890489377,0.025,-0.013829772730568964,0.009451685389198378
0.06479793864117582,-0.025,-0.020470361998255485,0.009594082473704475
0.06364282798694482,-0.01812606078154535,-0.018876495886794874,0.009022686334432987
0.03817774221161724,-0.017604616592655137,-0.025,0.008561185147066275
0.035388654439469744,-0.014800683267744499,-0.018673448449462646,0.008629838364156851
0.063,-0.024999999999999994,-0.024999999999999994,0.009496968261290614
0.07,-0.025,-0.025,0.009552882966898657
0.06298797981684662,-0.019649865649101483,-0.025,0.008898188239861526
0.056,-0.025,-0.025,0.009416677389813883
0.048510197376764326,-0.015875877329815123,-0.014237403799843316,0.008858899918483236
0.053894710936981276,-0.017562933603788508,-0.025,0.00863766307414729
0.049,-0.025,-0.025,0.009348061482909755
0.058287628888336045,-0.01613294244745767,-0.019308594390900966,0.008819688380732655
0.04637866839424717,-0.01696396590269749,-0.025,0.008547166075889968
0.04141101379720168,-0.013224882234008846,-0.017388836500129862,0.008628646678520577
0.04351758946158735,-0.008861317356368345,-0.025,0.008052522736067541
0.0450123990221251,0.025,-0.019340859716575322,0.00941047072950084
0.051705554394572834,0.025,-0.019145808730598714,0.009455329693586789
0.04996485233694679,0.01628512011244579,-0.016037584192268584,0.00884879028095871
0.062424932451150425,-0.011999609034128209,-0.025,0.00833606898079859
0.06999999999999999,-0.025,-0.009371416643360444,0.009423502801120745
0.07,-0.025000000000000005,-0.01766329779956174,0.009628789041844006
0.07,-0.020197407033120382,-0.019540170839601932,0.009225992782751847
0.07,-0.019786767666137697,-0.013659884013155911,0.009252181864403458
0.05897939981508443,0.025,-0.01963737142497292,0.009545551480860063
0.05965417503122883,0.01570387116089035,-0.01732943508154162,0.0088695979962574
0.06488303270501983,0.025,-0.020127876398448902,0.009579888106383551
0.07,0.020027186675683824,-0.01479951200737089,0.009260041038168085
0.07,-0.010551321198828276,-0.017209236836017702,0.008766397002787701
0.07,0.020382121708905444,-0.020134730069487648,0.009214546206899992
0.07,0.01313641352857322,-0.017919323566348642,0.008849564054524325
0.0379566976934622,-0.002247750390644551,-0.025,0.007919765834545815
0.04513299722425247,-0.0012999710274018792,-0.017160257657718767,0.008376289594993643
0.031946892903658396,-0.010978735955189188,-0.025000000000000005,0.008077705179461813
0.021930439923705025,-0.009601436009311938,-0.025000000000000005,0.008006307227827388
0.017578056390768163,3.060463303408076E-4,-0.025000000000000005,0.007823371173848945
0.008929504987041485,-0.0021743983746074806,-0.011027043928425776,0.008465593214271669
0.026136718366434285,-0.0028989631454351375,-0.012467292300609275,0.008476688723898248
0.02392659485631269,0.010867860427915876,-0.025,0.00808458141840364
0.01734047485001581,0.005433930213957939,-0.012136624750076734,0.008471183463779237
0.02981605869985202,0.013091504723231607,-0.020220666292871444,0.008470642069883098
0.02887604292003012,0.0012471610124012988,-0.025,0.007842806980337508
0.031309612395032875,0.006629899795364707,-0.01315554660658054,0.008509947934100039
0.027999999999999994,0.025,-0.025,0.009281554012009334
0.030751791363065,0.01722214353777224,-0.025,0.008488746359182507
0.03499999999999999,0.025,-0.025,0.0092865781020735
0.03293109921498813,0.010946928022670388,-0.024999999999999998,0.008107835816144588
0.03772558405328415,0.005283885464117552,-0.025,0.00795099349708111
0.03926220703722918,0.005631559037824644,-0.011553548721673744,0.008583712879389005
0.03797103143973721,0.01813029803709467,-0.025,0.008611697454453693
0.041999999999999996,0.025,-0.025,0.00933265263839722
0.0423514699841836,0.011776448842363015,-0.025,0.008199588793053518
0.0444564372020161,0.019530558812125842,-0.025,0.008772462597720713
0.047585310255976274,0.025,0.013148265653732803,0.009321135634889396
0.03817774221161724,-0.017604616592655137,0.025,0.008558678909350085
0.06999999999999999,-0.025,-3.469446951953614E-18,0.009298806662804839
0.07,-0.015264427890273038,-0.005042423863503148,0.00912376728572306
0.06004451831586324,0.019881056351458867,0.010764013232900242,0.00915180462421388
0.0619021350441028,0.025,0.004245301708037497,0.009229723296633702
0.06328985781649579,0.025,0.013299567572532492,0.009476411013998735
0.055030502955653655,0.025,0.014041275936342537,0.009410042401820466
0.04774197602379949,0.017604579564557344,0.009820957196959999,0.008965122990340265
0.060808232204086786,-0.0165755725964205,0.0133160189478306,0.009000061079619566
0.059772238017671404,-0.025,0.018955960908569408,0.009535651374505544
0.06450754687683156,-0.025,0.013362904197085454,0.00945783289749531
0.06523376168623743,-0.025,0.019948987231521817,0.009582535143310415
0.07,-0.014856719690960465,0.006995691765067626,0.009097762525317545
0.07000000000000002,-0.025000000000000005,0.009371416643360428,0.009432012991162319
0.07,-0.01697205743585683,0.015695114523329688,0.009092567216589468
0.07,-0.025000000000000005,0.01766329779956173,0.009616552072302501
0.07,-0.02140135048369366,0.020752861494115975,0.009313015765284888
0.06255353011748985,0.017542576515702027,0.005080793603820348,0.009098091157451714
0.010867980879708918,-0.010845723703677958,0.025,0.00803550610063608
0.005371250056921242,-0.01031422533342543,0.017260513356773956,0.008406725861435817
6.544691332335401E-4,-0.009599718682995695,0.025,0.007992532250885698
-0.005059928177587486,-0.014453746149594084,0.015314248528823841,0.008634079383805268
-0.003393590862572987,6.041563930248017E-6,0.025,0.007804777044451359
-1.452830911130576E-17,0.02500000000000001,0.02500000000000001,0.009229393315517647
0.0032091997044060745,0.019406634829397862,0.025,0.00864676527937138
0.007000000000000006,0.025,0.025,0.009228830553243961
0.0029920002513356726,0.010869092147308398,0.025,0.008037346864778595
-0.0037005978329064234,0.005434546073654199,0.012723946421792415,0.00843270097230509
0.007775729285984067,0.0019309541870239407,0.013474951651183181,0.008385314816676695
0.005409131027742904,0.014743178218957056,0.015901845161949375,0.008629728790667576
0.015372597091794208,-0.004765041415340336,0.018931687624961634,0.008216456900238105
0.006875153676047886,1.4270635726254532E-4,0.025,0.007786009930787184
-0.0034998363173302342,0.017587492050032058,0.025,0.00846926220348821
0.0519269303083628,-0.017624528970709246,0.01848460117391367,0.00889167895918413
0.05239842657321825,-0.025,0.018434671900143168,0.009465728183228545
0.055999999999999994,-0.024999999999999998,0.024999999999999998,0.009419456343155858
0.04900000000000001,-0.025,0.025,0.00936333828289142
0.04637866839424719,-0.01696396590269751,0.024999999999999998,0.008549386754517885
0.043517589461587416,-0.008861317356368408,0.025,0.008071837398890202
0.04024634408397078,-0.010680658678184202,0.01578014511776196,0.008580993651665172
0.014,0.025000000000000005,0.025000000000000005,0.009227606335683085
0.017628809201494344,0.01753888973837664,0.025,0.008485921482628712
0.012952551328331539,0.00905268453627927,0.025,0.00799114981320905
0.019151147703595755,0.009019311362907392,0.01579388626058899,0.008444919128294802
0.009889520576509502,0.017257205207264648,0.025,0.008444622843759844
0.017578056390768187,3.060463303407729E-4,0.025,0.007822332181612938
0.021930439923705008,-0.009601436009311945,0.025,0.00801125321627535
0.0231408858522998,-0.00981501763184712,0.017355916371361798,0.008422894421190253
0.031946892903658416,-0.01097873595518916,0.025,0.008109831074933413
0.03795669769346221,-0.0022477503906445373,0.025000000000000005,0.007914372257244322
0.04656212449731394,-0.004348575568133757,0.016210640262130416,0.00845019844123166
0.03323286300148836,-0.010579463108681509,0.011797288770321419,0.008645072403030966
0.03481374482893526,0.0026419427320587903,0.013002804078054122,0.008477084108324614
0.028876042920030057,0.0012471610124012988,0.025,0.007854556125105322
0.024739980997677283,1.5302316517038647E-4,0.013002804078054122,0.008432934718373409
0.027089475000460654,0.00834647916501034,0.016002580666295507,0.008445653069711928
0.023926594856312725,0.010867860427915913,0.025000000000000005,0.008070665406568419
0.02943896900324403,0.016539935164850295,0.019002357254536886,0.008698177734388038
0.03640205308565689,0.0194104856830147,0.016042089823715237,0.008970222513103174
0.02414996882896171,0.019258898963671195,0.025,0.008650821800892843
0.030751791363064922,0.01722214353777224,0.025,0.00846824141456012
0.05363838633546528,0.016340569475879457,0.014564084545745102,0.0089262519083782
0.04122661098620931,0.020632471974652827,0.017555464084651945,0.009059262638581821
0.04790205292837962,0.020632471974652827,0.017488504002307583,0.009090599682523128
0.0312286911063241,0.025,0.019019311217193885,0.009373128885843109
0.03807613699378744,0.025,0.019079465138356698,0.00940171659445375
0.044607101203229194,0.025,0.01904887340108024,0.009436413563703016
0.020999999999999974,0.025,0.025,0.00924557344377363
0.027999999999999994,0.025,0.025,0.009264053850603651
0.07,-0.0052774269766639285,-0.005609537289227494,0.008944021626549057
0.056669420257655485,-0.0057177346039980525,-0.016912561810160903,0.008516379885902037
0.06255966844589095,-0.0033545528539848865,0.006182639591894118,0.008822773531255802
0.05718340548083785,7.753706206887254E-4,-0.00623916975690079,0.008763500387835362
0.07,0.007132660686788762,0.0018650133929165973,0.00899048222979174
0.07,0.0033943510075618542,-0.014969196314922262,0.008694362543773673
0.07,-0.006561555067230863,0.004078183653740391,0.008965844570809253
0.07,0.015048205096134592,-0.007540850486625521,0.009103443891327579
0.07,0.01707588737856411,0.006682533156281013,0.00916504982680134
0.06999999999999999,0.024999999999999998,-0.009386742806338123,0.009426673039871214
0.07000000000000002,0.025,0.009386742806338139,0.009422331762750228
0.06999999999999999,0.025,-3.469446951953614E-18,0.009294105580454943
0.07,0.025000000000000005,-0.017677414100811344,0.009625827749106825
0.07,-0.01721493824556305,-0.025,0.008753651276748828
0.0480659955073558,0.0023629488170324037,-0.025,0.007921062137585469
0.05223236084193385,0.0075702402248915765,-0.01732943508154162,0.008500943219752156
0.052182327546162255,-0.009038054447149772,-0.025,0.008133611155101543
0.06141108650801662,-0.002058354300562115,-0.025,0.008042407175190046
0.07,0.025,-0.025,0.009545899958435564
0.048999999999999995,0.024999999999999998,-0.024999999999999998,0.009366878735041249
0.052336404836851744,0.01567293350349184,-0.025,0.008471959947647257
0.05599999999999999,0.025,-0.025,0.009408943470110318
0.06290962388594576,0.018630210689029952,-0.025,0.008800697973295645
0.06300000000000003,0.025,-0.025,0.009488299810933751
0.07000000000000002,-0.00663684760086869,-0.025000000000000005,0.008195584505226068
0.062124561225869644,0.009983391246439191,-0.02500000000000001,0.008244946195276782
0.07,0.006636847600868687,-0.025,0.00818917860339241
0.07,0.017214938245563055,-0.02500000000000001,0.008734011155558373
0.05142702087812806,0.025,0.018945544973667974,0.009479107250012856
0.06298797981684662,-0.019649865649101483,0.025,0.008910548053562548
0.063,-0.024999999999999994,0.024999999999999994,0.009492128886216292
0.05389471093698128,-0.017562933603788515,0.025,0.008606248968535811
0.07,-0.025,0.025,0.00955388760613125
0.07,0.0183969932019424,0.015842955521183477,0.009164687967857073
0.07000000000000002,0.02500000000000001,0.017677414100811344,0.009623618069567446
0.06464943889292835,0.025,0.02010862679210136,0.009584398744646132
0.07,0.021944860501094683,0.020921610324806918,0.009356172219950847
0.058274005110705525,0.01748539008245472,0.01978204227287255,0.008900400551963446
0.05868890500977908,0.025,0.019554097698326077,0.009542319986303546
0.03293109921498808,0.01094692802267041,0.02500000000000001,0.008125017752070108
0.03772558405328415,0.00528388546411758,0.025,0.007937518955118211
0.062424932451150425,-0.011999609034128209,0.025,0.008358000826591975
0.07,-0.01721493824556305,0.025,0.008735375445963636
0.07,0.011568868053587485,0.015743876684937055,0.008877055034023964
0.06112313485763845,0.013039066076850656,0.015464924338165572,0.008831251688472586
0.07,-0.006325715786852726,0.015627443596473188,0.008727660710112373
0.07,0.0019973163459416562,0.01119893366899808,0.008820773496814911
0.056927067448214345,-0.004664510661309431,0.015662245353328757,0.008546895257436614
0.06198744379728471,0.006123823980227814,0.01337999855774949,0.008716905519644939
0.0480659955073558,0.0023629488170324037,0.025,0.007930776597777623
0.0522462697152769,0.007681138951758909,0.015086893155147666,0.008594216859558673
0.05218232754616227,-0.009038054447149786,0.025,0.008124604014952474
0.0423514699841836,0.011776448842363015,0.025,0.00821575751733318
0.034727969177526345,0.013820971366029396,0.013004714509073775,0.008730258701888633
0.04437708497863118,0.01626494394930565,0.01603146303094719,0.008820290693767075
0.04445643720201615,0.019530558812125877,0.025,0.008762157144542773
0.03797103143973719,0.01813029803709465,0.025,0.008603198689842908
0.035,0.025,0.025,0.009289975541185713
0.05233640483685176,0.01567293350349186,0.025,0.008486645033497059
0.041999999999999996,0.025,0.025,0.009347027312438827
0.04899999999999998,0.024999999999999998,0.024999999999999998,0.009377591113229514
0.05599999999999999,0.025,0.025,0.009397997938540953
0.07,0.017214938245563062,0.025000000000000005,0.008754731697662487
0.07,0.025,0.025,0.009548449477255506
0.06290962388594579,0.01863021068902998,0.025,0.008812365822575819
0.06300000000000003,0.025,0.025,0.00948678669474338
0.06212456122586962,0.009983391246439217,0.025,0.008257707863236912
0.06141108650801658,-0.002058354300562115,0.025,0.008059771494294285
0.07000000000000002,-0.00663684760086869,0.025000000000000005,0.008178265049332596
0.06999999999999999,0.006636847600868698,0.024999999999999994,0.00822343854013431
-0.04727448974633864,0.012608750781505045,-0.007269544530619726,0.008834190247850022
-0.05049257400857972,-0.012774169966311965,-0.004093664204862628,0.008879824146677052
-0.04025368176736173,-0.015296309179394412,-0.0010305523937014166,0.008862955704235205
-0.04868054740394247,-0.008762110339792043,-0.013597631210839916,0.008630268589755885
-0.03855410875347419,0.014239870581742866,-0.012652945487204869,0.008761247832581885
-0.04351749015908158,-4.028097788649509E-4,-7.131661145573574E-4,0.008692992169450756
-0.023682627854631495,-0.0125,-0.006280079436499182,0.008716180310527035
-0.033175095767213385,-0.01039555303938202,-0.0017808847822896152,0.008732477855804164
-0.029746308861070953,0.014696294787596154,-0.01074854079953494,0.00876482546698823
-0.03905494151235184,0.0125,-7.995165209211165E-5,0.008803879739935317
-0.04320783860632672,0.007392109878897235,0.006052327510183057,0.008716293947171782
-0.04229481526109956,-0.013663302784363453,0.007849915758238386,0.008817224851674212
-0.043002960594512835,0.01478421975779447,0.012460024173953945,0.008812197346518195
-0.004432243947641454,-0.01426636348158645,-0.008026575073186567,0.00871863752356913
-0.018605289843635884,-0.00262391405090486,-0.006114895866604543,0.008552945196287609
-0.007541891806989395,-0.011141363481586451,-0.0017112535400055865,0.008680249390128847
-0.003841912060411697,0.005793070372202848,-0.01032034154126316,0.008508510584053252
-0.00985578766075716,0.00760863651841355,-0.005882516818587367,0.00860375875103003
1.1090185517697992E-4,-0.013587045222379676,-0.002186428828648247,0.008723806424501752
-0.029642456192740353,-0.01015929033303971,0.009140385206472066,0.008655934022452247
-0.025993845801158016,-0.011265488330253452,0.0015642781442428415,0.008720447815015712
-0.033810660116300455,-0.00333192153493348,0.00543043317774065,0.008625409819593779
-0.02690295626764456,0,4.626184499849838E-5,0.008618324201271956
-0.027136841064508394,0.0125,5.828252760439231E-4,0.008757746414995504
-0.030846186703810383,0.014239870581742867,0.012491209777325263,0.008719966134238966
-0.021627141412066495,0.01515271899344944,0.012520409802904975,0.008735253349122904
0.008182242887432155,-0.011141363481586451,-0.0016476216033495406,0.008680266288729732
5.18535124067162E-4,-0.0097827269631729,-0.009917463106774816,0.008587080469572987
0.011069596194568598,-0.009782880928096966,-0.009965928196749404,0.00858654366915859
0.0074331220933574,0.00815166652847655,-0.005451177005966658,0.00861631437797479
0.021066973039438518,-0.009434407387725769,-0.009814241918540393,0.008594570777790621
-0.014211175757243916,-0.010570433327588903,0.007928204133660893,0.008638021250032444
-0.015218740616664946,0.0125,0.0012456022041799578,0.008718742267848937
-0.010393195917148521,0,4.4789284358482886E-4,0.008584622546869305
-0.003198326208464357,0.0125,0.003946116888001971,0.008693856016870973
-1.2548076586643315E-4,-0.0097827269631729,0.009521026713547908,0.008576996860028385
0.0016062315183647678,-0.0055706817407932254,-4.922515200795266E-4,0.008606377364939062
0.00816515767766373,0.012803233434141364,0.005509026036967668,0.008699433244920793
-7.960473450497946E-4,0.0034646591296033876,0.001726932683961222,0.00857847439189021
0.010754354843718929,0,7.267504998465332E-4,0.008575716783307699
0.0014086588718033976,0.014226658707349467,0.009884716336956981,0.008694789200707062
0.007860234942465358,-0.011141363481586451,0.008071623306811822,0.00864212047420939
0.030055152878693148,-0.00974723281669346,-0.0030810343293171255,0.008711284932237714
0.02002611641471551,-0.005570758723255258,-5.001505128767532E-4,0.008624470415811823
0.01584595065079715,-0.0125,0.0066222199000757365,0.008689756763103323
0.026219381919005944,-0.010478267539178817,0.007814432422880878,0.008672485633662316
0.014842986373692751,0.0052327538609746255,0.005746294082456531,0.008574309770571047
0.021860914293678705,0.00896696510697897,-0.002669440673252845,0.008666848305930432
0.017172320766358808,0.013440776629823613,0.00514059123010278,0.008731470218332775
0.0334400136470455,0.0125,-0.005882665171485778,0.00876325427985117
0.03797984475906662,-0.007745565903594812,-0.010572001411212242,0.008620937046528722
0.0466512113932384,0.006387553507666922,-0.00944886454372342,0.00866530744974525
0.03916494263225036,0.012062681331688474,-0.0016716864346735518,0.00879657563790837
0.05037351279568874,-0.009050603744100633,-0.006610980183441913,0.008784662143973516
0.049714730045394104,0.012759734003623681,-0.0018256840824467568,0.008875170642542498
0.03190190560458638,0,0.0010056081561082373,0.00863705139113843
0.04210532953525249,-0.004170699769383997,0.001428992819053248,0.008717348479463172
0.03697509870635414,-0.0125,0.0065602902355239145,0.008767807822233091
0.04400833698902965,0.004363171819086968,0.002656306632895565,0.008716135703239205
0.03519484536318562,0.008431585909543484,0.004727025018233304,0.00869958891999613
0.026381353737341597,0.0125,0.006797743403571044,0.008724342744105062
0.044297732755246205,0.012999329086485415,0.007062926061894373,0.008820105799421597
0.04855684433335077,-0.012874238206608055,0.008586538420812216,0.008842572005421214
0.052878240304010365,-0.0073162270582366904,0.004794338565731027,0.008799532435494214
0.05605184316579243,0.011392156510606363,0.005537865985372323,0.0088861697256542
0.05083960788051198,0.002713107570274238,0.0071167954761628275,0.008709931760168918
