X,Y,Z,Bz[T]
0.07,-0.017950333342256087,0.025,0.008799799208296865
0.06501945918552354,-0.0203196889768624,0.025,0.00878896497387963
0.07,-0.019782942301596995,0.019644747943733352,0.009009442388850375
0.07,-0.025,0.025,0.009157535830810186
0.063,-0.024999999999999998,0.024999999999999998,0.008987704703956913
0.06525896365304593,-0.025000000000000005,0.02005791947821977,0.009098440503576574
0.07000000000000002,-0.025000000000000005,0.0176612968345837,0.009217884308310118
0.06651871904750441,0.02139947337515488,0.025,0.008874865976910578
0.07000000000000002,0.01795033334225609,0.025000000000000005,0.008803366729709146
0.07,0.020299392961056657,0.020207169195506025,0.009015535627841229
0.07,0.025,0.025,0.009165734489943497
0.0644359453195536,0.025,0.02026119627137076,0.009078045344684373
0.063,0.025,0.025,0.008989155908644708
0.07,0.025000000000000005,0.01766552214532575,0.009213539530452798
0.06273107355181307,0.017630102129341588,0.025,0.008607439321353235
0.05892855158933677,0.025,0.019980109644896188,0.008959697588048054
0.05599999999999999,0.025,0.025,0.008829248106337654
0.05976503933357492,-0.024999999999999998,0.019108692467063718,0.008986483449636375
0.07,-0.009686684306776902,0.025,0.008542171501564687
0.07,-0.013625911723442734,0.018996492950739977,0.008840489963034439
0.06358021553642716,-0.014047655162154553,0.025,0.00849513478637293
0.07,-0.018977783806563536,0.013278824249416787,0.009053612676503647
0.06186964625132848,-0.016560755952372833,0.019479412643633485,0.008707946100977443
0.05944901458306875,-0.019182711469237584,0.024999999999999998,0.008607166875602609
0.056000000000000015,-0.025000000000000005,0.025000000000000005,0.00884560163151888
0.0643823670592257,-0.025,0.013791558797036578,0.009068256575236865
0.07000000000000002,-0.025,0.009369245655791046,0.00916584950028569
0.07,0.019374247917667925,0.013525132773206466,0.009060682441991834
0.07000000000000002,0.025,0.009373830421625297,0.009165439930191309
0.06284105590249936,0.025,0.013500517344720788,0.009029084481278937
0.0643606944316157,0.016830010554324815,0.01758140208787255,0.008808310276264785
0.07,0.014100756424282414,0.01919351899155476,0.008846258594018483
0.07,0.009686684306776886,0.025,0.008533077453584073
0.06004320327851998,0.007732080756542949,0.025,0.008271747346185795
0.07,0.0053054369426250286,0.01687694252197671,0.008761949165167034
0.07,-3.469446951953614E-18,0.025,0.008440948621257298
0.05882497022628408,0.019180314073796483,0.017467872312567634,0.0087590970547451
0.05577420324086004,0.025,0.015276118487474573,0.008886737759632739
0.053622805791233685,0.016043019698316806,0.025,0.008349658148654012
0.0540691615623067,0.01726818081154111,0.019174680282189133,0.008576091452072467
0.05243996536065321,0.025,0.019485123137486744,0.008830394284700055
0.0515073551058188,0.008268841553748504,0.025,0.00811963916157168
0.0642902779195882,-0.01393880043550808,0.013958825287266977,0.008796788175018963
0.061823005720001406,-0.004461022066728652,0.025000000000000005,0.008262133445716186
0.07,-0.004436786930050597,0.017252180746613506,0.008744640582540953
0.05423527109368865,-0.011345615705558573,0.025,0.00822677456826816
0.06305664181979481,-0.009199911251118367,0.019479412643633485,0.008563038887723504
0.04870963136787917,-0.02066579757010256,0.02074662177316612,0.008581060768843607
0.04584504531403852,-0.025,0.018070900014020078,0.00872679668804748
0.052944222808131325,-0.025,0.01801097030701978,0.008844849261598535
0.04900000000000001,-0.025,0.025,0.008715382197140395
0.052701605963005625,-0.019428931754931003,0.025,0.008494470684350984
0.0574069345297299,-0.020780377976186416,0.018745191475326634,0.008762682295764167
0.04732281175543746,0.012134324937093016,0.025,0.008142911464706882
0.041999999999999996,0.025,0.025,0.00860880061845408
0.048999999999999995,0.024999999999999998,0.024999999999999998,0.008720443172866762
0.04528663625874907,0.01833680639034098,0.025,0.008326380376571454
0.045678123592189174,0.025,0.018977353547422415,0.008724769092111569
0.038884427154041654,0.025,0.018397583627627084,0.008637756608016868
0.04867384538930818,0.021403184887867167,0.020983247131915368,0.008604223858004556
0.049762446304772626,0.025,0.01308947535248963,0.008771607406011109
0.04424449512792651,0.009107295815792782,0.02147688977206355,0.008154400940388459
0.04411822649182169,0.005086333484491286,0.025,0.007944861694431952
0.042032769682706236,0.012618568726726467,0.025,0.008067436488437637
0.037551523129377574,0.017510604936262775,0.025,0.008184422446968142
0.035,0.025,0.025,0.008533095519648296
0.034577652381663174,0.021255302468131388,0.021669352467658474,0.008393137752752012
0.031603781633948766,0.025,0.018338704935316946,0.008551710629788451
0.027999999999999983,0.025,0.025,0.008466191404089994
0.02867467864819223,0.01929227430910929,0.019379846705206837,0.008296740850629494
0.02438036464589984,0.025,0.018659823583520273,0.00849597446087577
0.031013668450469416,0.017004970201257755,0.025000000000000005,0.008086029167683566
0.03508789324804204,0.008892607608800361,0.025,0.007890930225958255
0.048478726751396486,-0.016868585531700318,0.017705212616875615,0.008495894892780043
0.0492445875907641,-0.025,0.01047357063279878,0.008743818763905257
0.045684166204293886,-0.016595395672852647,0.025,0.008247790489363267
0.04335971051880034,-0.019524037021191203,0.02116408442681275,0.008440834240432142
0.04200000000000002,-0.025000000000000005,0.025000000000000005,0.008614135527474602
0.03828384193575069,-0.01880622507041562,0.025,0.008257481589971331
0.03798984726691813,-0.010465305029816706,0.025,0.007958910157300996
0.021,0.024999999999999994,0.024999999999999994,0.008416207775174855
0.024479850289312707,0.01891198855875681,0.025,0.008120387689266165
0.05728807660979828,-0.025000000000000005,0.01139352983712507,0.008886081011178774
0.07,-0.025,-3.122502256758253E-17,0.009126503325374053
0.06321029579572024,-0.025,0.00538629151203248,0.008977146821681058
0.07,-0.01736146963721282,0.004047230241475141,0.009060758854001375
0.06280601790830104,-0.025,-0.0037257567455834632,0.008961852328190469
0.06375028685765423,-0.019469400217754042,0.00967255839964973,0.008922814451058634
0.07,-0.01019489068144943,0.009783055280430067,0.008944440600131796
0.05704347350785427,-0.01300020156877444,0.016974441592959154,0.00856803035666074
0.07,0.011363155146099192,0.010126502219388782,0.008953315628960954
0.07000000000000002,0.025000000000000005,-6.938893903907228E-18,0.009128058350831058
0.07,0.01807049585581514,0.0052661729275729485,0.009066316093237728
0.06264529891305473,0.025,0.004508818749612491,0.008962155616709188
0.07000000000000002,-0.025000000000000005,-0.009369245655791076,0.009171650742261861
0.07,-0.016656451579430485,-0.006167781193027409,0.00905182545242966
0.04167820989338197,-0.019763835496072125,0.0150669491669378,0.008506577235959685
0.04223407841085275,-0.025,0.010587391404806634,0.008630298111053506
0.03500000000000003,-0.025000000000000012,0.025000000000000012,0.008532388788550291
0.03886904786680444,-0.025,0.018407291411426635,0.008638707226376507
0.03114412355712915,-0.02102001946706044,0.021312663068614193,0.008359082647060142
0.02800000000000003,-0.02500000000000001,0.02500000000000001,0.008470273286050553
0.031124990465058046,-0.01704003893412088,0.025,0.008090465866494667
0.024278548604417735,-0.019116988522772292,0.025,0.008135342451323253
0.06477310744448536,-0.018535298572630397,-0.010809685486484692,0.008931184748564866
0.06330199824110605,-0.024999999999999998,-0.013302096922274489,0.009041067248903524
0.05615929881850143,-0.025,-0.00813139181594274,0.008845596804408124
0.017390553313609395,0.025,0.018846202597413764,0.008441878206199885
0.014,0.025000000000000005,0.025000000000000005,0.008379856516506811
0.020090554609142334,0.018079279534908482,0.01984029896161482,0.008181150415407323
0.021065175031626412,0.025,0.012524548809061897,0.008439248668023336
0.025298772617274052,0.020277406904116235,0.014821964155748798,0.00834387945401189
0.027973759021530584,0.025,0.012356973994579912,0.008486254115153297
0.06068334388814306,0.019180314073796483,0.009732226864925786,0.008849937095789644
0.056130382663564515,0.025,0.008887372715563878,0.00885221818874401
0.05478547591665962,0.025,8.736567350380031E-4,0.00879091810628129
0.05734056785557988,4.571945441158266E-4,0.016974441592959157,0.008438384460339694
0.05293104452648556,-6.336961064863644E-5,0.025,0.008060289084027821
0.062318966216319896,-0.0056272392991809465,0.01310053196626591,0.008657143402344941
0.07,4.5367241700865896E-4,0.006447069890576841,0.008931523461343821
0.05872138886323139,0.013360628147592968,0.014955634980239078,0.008653401384390942
0.06367028392778995,0.005910174845107508,0.01355047190617397,0.008693038404861882
0.07,0.010192886544310269,4.438504021081549E-4,0.00899939474509852
0.05451551733337971,0.018493341924765413,0.013349360564378266,0.008692949841792804
0.048258754943524024,0.025,0.005986156172950813,0.00868956457092936
0.04719727650711012,0.021022788541461085,0.00857344589984711,0.008631159700715704
0.042909323455133375,0.025,0.011698178732979736,0.008657698407521144
0.03921362104348659,0.025,0.003556007302655713,0.00854831495906356
0.05148522955908687,0.017045577082922175,0.0054487130667144855,0.00864961741224889
0.046776104122428996,0.025,-0.0019416251556474747,0.008654253479691055
0.04834769077861638,0.01780636977573434,0.016966494263830748,0.008531232238845972
0.04568086440881027,-0.005333230357112605,0.025,0.007981510600820127
0.049449443132981795,0.01110930113638785,0.015036385999274836,0.008436586907043762
0.04813934500571588,0.0022449519285216036,0.018270479655470823,0.008245044207801722
0.03774460033759952,-7.770165082193262E-4,0.025,0.0078449240531537
0.052615851108251815,0.016418977472920534,-0.001460354142361459,0.008668099235440931
0.053145906852260394,0.025,-0.005894267827922146,0.008778389672046803
0.061149812858513515,0.025,-0.0051839734583894355,0.008933276453917576
0.03286950700707175,0.019672560059461768,0.013759693410413679,0.00840516147786585
0.0356773170151953,0.025,0.011768152690516967,0.00855472993638964
0.031343742847431744,0.025,0.00603710602848672,0.008472263182738046
0.03858628625717647,0.01919763480667412,0.00880862102850342,0.00847417018692782
0.05015939842072503,-0.006075461012711949,0.016974441592959157,0.008337150192300306
0.05194126001170194,-0.01590884583415565,0.009711226909358547,0.008621694210060572
0.05858055583917641,-0.014251689147573425,0.008921157623793976,0.008731567432467259
0.05430563472239676,-0.025,0.0016766714251881358,0.008786108917219941
0.04542995891040323,-0.025,0.0024792677637282927,0.008631809235985614
0.04416389604834944,-0.018903468802414208,0.006567592131305594,0.008551695821703375
0.04082675761137056,0.015955653350196473,0.017435477125336572,0.008363685309429084
0.03919221974225893,0.005947150572919308,0.017535996755112828,0.00815808094770583
0.02494175643641441,0.025,0.007791096085950827,0.008426662101577016
0.02608851047896993,0.021008747362039715,0.008343030661778798,0.008376581984776652
0.030931551254636938,0.012093789116649588,0.018756137202265474,0.008125270555594576
0.024889299438492666,0.009389343271298797,0.025,0.00781332753072498
0.030301597551524936,0.0012973165834228029,0.024999999999999998,0.007774866655745593
0.03536319206941094,-0.01409562835015795,0.01718419619502542,0.008256075588699846
0.030485773206076833,-0.007165332873148793,0.025,0.007824387616720845
0.04044384022660689,-0.01163612131732256,0.017827958249441448,0.008245582932735642
0.03509357127033535,-0.005081024069059802,0.01718419619502542,0.008108504535975496
0.023990753711680007,-0.010984228919286756,0.025,0.007841593407141615
0.02821664795737559,-0.010184630274593516,0.01718419619502542,0.008106879269589279
0.07000000000000002,0.025,-0.00937383042162531,0.009166272064245749
0.07,0.01808507105299461,-0.0041946100320150795,0.009067232736414821
0.01757075604894794,0.016696012809719787,0.025,0.007971969355617375
0.02239608272680288,-0.001290507365599547,0.024999999999999998,0.007705612614310719
0.010339448368410342,0.01913880497614133,0.025,0.00805526016248287
0.010487397390380751,0.025,0.01878918721602981,0.008418926934807187
0.010133180310023011,0.02056345707913535,0.018417101698004635,0.008245556240629476
0.013913397082642692,0.025,0.011726671436709512,0.008394367982976665
0.006999999999999993,0.025,0.025,0.008364321215919597
0.003700528612402068,0.025,0.01874296665254134,0.008409810255261203
0.01724483967551051,0.007486983656549331,0.025,0.007731455213027108
0.041589713412322336,0.019685003167398255,-0.0028174646010337505,0.00852527673056028
0.03881449741566037,0.025,-0.006112416168017342,0.008558381828028701
0.06011763817049854,-0.015503176726372414,8.678736546287982E-4,0.00880711955093729
0.07,-0.007739042039968601,-0.0017054110362774884,0.008980526971892132
0.06252029688579547,-9.180476070276794E-4,-3.275818687932697E-4,0.008770234650605627
0.07,0.0017769622690076078,-0.006370291404991187,0.008932688059109543
0.046688233797008274,0.025,-0.01121583558269873,0.008696294123061693
0.04091658729093976,-0.025,-0.0047516804278582014,0.008577002898251642
0.04807549833203435,-0.024999999999999998,-0.00580755386995122,0.008687160452730847
0.04230410430363615,-0.017523838480373092,-4.231473917841963E-4,0.008513384578670864
0.025569194623415555,0.025,8.754637701163422E-4,0.00839827042843045
0.05016891392195027,-0.019322441907766004,-0.007660240026756638,0.008654174647672503
0.050102551502903464,-0.025,-0.013008997121295733,0.008781669275673776
0.04334716471806267,-0.024999999999999998,-0.012197984252975292,0.008654008744343824
0.05581751941259966,-0.025,-0.01513897011958186,0.008885131003546482
0.07,0.01830659793072963,-0.011562389952908935,0.009051954689244439
0.06395394477705099,0.025,-0.014186751317009486,0.009054345224111407
0.07,0.025000000000000005,-0.017665522145325758,0.00921451211799695
0.05917129600634849,-0.013644883815532008,-0.010202165275218934,0.008722742346949839
0.06235585208732486,0.01358811260941948,3.583299642315384E-4,0.008843958340293284
0.07,0.010130697154630513,-0.009303278090756333,0.008949594098528168
0.07,0.01781512457178642,-0.019099062889188813,0.008950875060699477
0.06506351059577548,0.024999999999999998,-0.02026531117123073,0.009085474096803346
0.07,-0.025,-0.017661296834583725,0.009221581473700809
0.07,-0.01747228132729236,-0.016865029087361094,0.008985961689973902
0.07,0.012180278321086781,-0.015597564253995343,0.00888596295274625
0.06555528180938613,0.011081432775305667,-0.016657351264256548,0.00873390401349539
0.07,0.004708931255640904,-0.01653430290273966,0.008772359907131416
0.07,-0.006370074488824507,-0.014204467256326764,0.00883483194354176
0.06329147393903237,9.742768645433072E-4,-0.012158790028726222,0.00868921419891288
0.058510117573767687,0.016735812890802525,-0.010025088396098988,0.008761495768188833
0.05584628915808542,0.025,-0.01290177806229574,0.008880421797360382
0.04647842627373365,0.01579237786291889,-0.007220812577823736,0.008543574793313915
0.05116235771590953,0.020396188931459443,-0.010061295320059737,0.00868795801883752
0.05207278739785458,0.025,-0.01877065309239992,0.008835603399133005
0.012515908655289851,0.013895256246267931,0.018851217305601953,0.008046756316818716
0.019646976811915542,0.010019119275704487,0.014727117705086454,0.008091099950062642
0.01880031557401869,0.025,0.005235653045463869,0.008368250664445282
0.015014404257896897,0.017497546392271742,0.01386506230434884,0.008214787368944113
0.01811777555714115,0.02038971545045537,0.009527174896347175,0.00831002578615497
0.010514495707809518,0.025,0.005360851015600986,0.008333332532067946
0.03821431210309001,-0.025,0.00252648166873818,0.008533270376586768
0.03689274484221142,-0.018602916997870048,0.006578982502807674,0.008450114468605928
0.03513691749124226,-0.025,0.010961614366123064,0.00854721150608198
0.0352500547803266,-0.019547814175078976,0.014072905280574241,0.008421405040742362
0.031163256649200267,-0.025,0.017625326137228385,0.008541662355908275
0.02615573180737431,-0.017592315137296758,0.017974587544384947,0.00824699187492719
0.022044463148695966,-0.012994568067371636,0.018311510975047268,0.008080018337453206
0.017134460088005322,-0.017275845469703628,0.025,0.008003027081914174
0.017236404796951658,-0.009070698855300742,0.025,0.007760996912557421
0.021000000000000026,-0.025,0.025,0.008422016750260273
0.019644285840660355,-0.021768288886638437,0.018708365411497643,0.008329225454529595
0.028938436338967873,-0.01719251581495014,0.010103721641636533,0.008335150853358163
0.031018772386973717,-0.025,0.004148106849940471,0.008459949462572655
0.02543433047486457,-0.025,0.010839050893222228,0.008456610180924978
0.024094815657373033,-0.025,0.018764978893744476,0.008494108930422633
0.014000000000000035,-0.025,0.025,0.008382396189271177
0.06504090939429517,-0.021069984035550604,-0.02085966534563482,0.008916285846326298
0.07,-0.021533609602103647,-0.02085412833342403,0.00906087593674387
0.06253262362794129,-0.013743602931920767,-0.018988236702370178,0.008661372845060923
0.06004669520341909,-0.0199295600481182,-0.015253865228094793,0.008829743836869092
0.055790431536835404,-0.015828291131660618,-0.017601082637609473,0.008595648548249336
0.064831912682415,-0.025,-0.020425117861029393,0.009087501125800264
0.05914246972033335,-0.025,-0.019874973382663343,0.008960933583707108
0.05258030419731455,-0.025,-0.019312194431682667,0.008834288014545446
0.063,-0.024999999999999994,-0.024999999999999994,0.008991608462002037
0.07,-0.025,-0.025,0.009158740848788422
0.06523184816761364,-0.020316198831276805,-0.024999999999999998,0.008780267943495046
0.03263976526868831,0.025,-1.455770439663176E-4,0.008467257534253718
0.02585240140294245,0.019317289463935572,0.003390034191829029,0.008350963384449841
0.019957230697004415,0.025,-0.0014215455790306374,0.008362519816588913
0.030082965424140046,0.025,-0.005686868327166444,0.008456506013412619
0.03394572249351211,0.0195586051184688,0.004807523363634969,0.008429408723257871
0.04356158796173853,-6.138752096568304E-4,0.010724441592959157,0.008333144426003322
0.049648426707574085,-0.014398960074491162,-0.0015159872638761947,0.008596851682196307
0.0360903117137057,-0.019591376445086076,-0.0020341213541895165,0.00845506576170366
0.03184351995518217,-0.025,-0.0045404153667706875,0.008466883578284722
0.03039817985575255,-0.01760654935607021,0.0016078227422866563,0.0083718456408436
0.03640332270221567,0.014370006334796502,-0.0036933040464200264,0.00839831116173508
0.020084527396684756,0.014883656837528294,0.005534806577882849,0.008251765139853625
0.02362362909369827,2.90063409042302E-4,0.012453496503483423,0.00808467653263697
0.07,0.025,-0.025,0.009153076884656188
0.07000000000000002,0.009686684429816452,-0.025000000000000005,0.00855324220104609
0.06300000000000003,0.025,-0.025,0.008986275336827833
0.059449287854794114,0.025,-0.019623353125059306,0.008974152802517982
0.06470866375644771,0.020153441167947504,-0.025,0.00877214723042963
0.07,0.017950333452918386,-0.02500000000000001,0.008791652750610853
0.009834754291341058,0.009684969781148129,0.02500000000000001,0.007738068806365583
0.015580667180763797,-0.005623982924616785,0.013212706041297472,0.00804983682408804
0.013795663983871474,-0.012073155546553747,0.018550712051036974,0.008015655542314384
0.012399233523014103,-5.085569307231724E-4,0.025,0.007651026824213935
0.009507356400411443,-0.010914898475174297,0.025000000000000005,0.007770282202947827
0.010057971801004406,-0.01976995195377411,0.024999999999999998,0.008086951673950784
0.006925655975877881,0.025,0.012009350403525952,0.008374049549423185
0.008682043317362586,0.018492849026088817,0.010669209355116296,0.008237426877012677
0.0029743537078307375,0.025,0.005719700747685918,0.008320681255331025
0.012122858752740355,0.0031340044592592857,0.01762118022912761,0.007917227329879631
-2.667137344314341E-17,0.025,0.025,0.008354722629445218
0.0034054025367314597,0.01724740250839739,0.025,0.007969480108205855
0.0059308800622402584,0.010868057509358809,0.017128919741168862,0.008001499892398173
0.001875845039771226,0.01913350126540044,0.016544153356149588,0.00820255611558959
-0.0030852725610265447,0.025,0.018661858385845095,0.008407281642805672
3.106715666841148E-4,0.025,0.01237597476751947,0.008368619649077936
0.004469876287458315,0.0034651223367822698,0.025,0.007650164258076971
0.0233255748727559,0.025,-0.004616459923110151,0.008399022955028668
0.020398167599973236,0.018148463037024706,-0.004803517606702251,0.00829720097379422
0.018233781450759216,0.025,-0.007540610707376293,0.008380128523072693
0.013514881013093335,0.025,-0.0011089659134334087,0.008329324749173373
0.040507880255736414,0.016831421928385496,-0.009341729697318127,0.008459013088359292
0.039845507828200136,0.025,-0.013869904407520589,0.008617095482507024
0.033456763489419776,0.017582718811896332,-0.009238306369827714,0.008387585534753914
0.033557898414422735,0.025,-0.012605534128048254,0.008543854534601172
0.044143910675202264,0.024999999999999998,-0.0188081687895035,0.00871732761274333
0.04461243780925716,0.01929283752197449,-0.014990155348216228,0.008533023340329019
0.03584882467451979,-0.025,-0.011612909497375425,0.00855751884471474
0.040444312558922876,-0.016144208158331976,-0.007413886914873986,0.008457093154781931
0.028874581786457503,-0.01830236519332588,-0.0065885237209074386,0.008360842653405151
0.026405646723103148,0.018334015695407165,-0.009134883042337302,0.008333883203366425
0.025069016907605365,0.025,-0.011761251982682817,0.008461416156295441
0.01904998799297695,0.025,-0.014212950361076518,0.00843358239752915
0.028717434856949182,-0.025,-0.012526430439796656,0.008500535057056615
0.04622863138000195,-0.025,-0.01895189180621376,0.008735274952911806
0.04902607305549334,-0.015848598883291567,-0.019327870733054392,0.008441961478091663
0.04245365951835119,-0.019342749659396957,-0.016205466979799,0.008499266036351849
0.039264739993038006,-0.025,-0.018755192493489233,0.008638005325193786
0.061490696816285245,0.015046665761252527,-0.017308188896346777,0.008702895340876683
0.05400392621720166,0.016401366178170992,-0.020555203144455934,0.008525986781419153
0.0523381936090699,0.020900577221687745,-0.02500000000000001,0.008552775403414417
0.056000000000000015,0.024999999999999998,-0.024999999999999998,0.008843378550103628
0.06336130009705415,0.012902073010773916,-0.025,0.008459109868376499
0.058628484644089145,0.019217057312393003,-0.025,0.00858760385158327
0.07000000000000002,-0.009686684429816468,-0.025000000000000005,0.008549818943106496
0.07000000000000002,-0.017950333452918382,-0.025,0.008801895239393362
0.07,-2.1033522146218786E-17,-0.025,0.008455070752988347
0.06432388987511978,-0.014011667931300549,-0.025,0.008514642840191832
0.06158062016546328,0.0044167835204690226,-0.025,0.008267830528564878
0.06175586451711843,-0.004764031985332505,-0.025,0.008271584458559723
0.056703207530653166,-0.011170621746539718,-0.025,0.00827392532663175
0.055871900651122054,-0.006730194688801867,-0.016051116814081688,0.008464882920817407
0.036954585679725455,0.024999999999999998,-0.018977359997591505,0.008612448979830373
0.048999999999999995,0.024999999999999998,-0.024999999999999998,0.008721361386797657
0.0460418018150541,0.019172517598847347,-0.025,0.008372801401528929
0.041999999999999996,0.025,-0.025,0.008617970711712386
0.03971810390994944,0.020297782517079144,-0.025,0.008344526326899616
0.04094699073067715,0.012775726036698049,-0.024999999999999998,0.00806944953722844
0.04937936779031418,0.013585675043948982,-0.016110406288911867,0.008467125374421973
0.035,0.025,-0.025,0.008532739772690858
0.013053635255710258,0.01683591105899264,0.004192435775419112,0.008243315865169177
0.010334953094575258,0.025,-0.006944696145078456,0.008342220224271576
0.005672289821160151,0.025,-5.944081904184478E-4,0.00830591064864181
0.010411424760080872,0.018298847277768527,-0.0037491909624483193,0.00825105246184663
0.005435958817123211,0.01844923151851235,0.0015352381561719618,0.008241133880292455
-0.003303423390950709,0.025,-2.4371918864663812E-4,0.008300646634754862
0.026279508431663483,-0.025,-6.817552356545367E-4,0.008407781950809212
0.022558532804772494,-0.025,-0.013826767357725263,0.008452966566150645
0.025563503574354305,-0.019372324066714967,-0.014881868870643909,0.008320118045557535
0.02334985237284948,-0.025,-0.006913832221916549,0.008410108367335604
0.0219916280340787,-0.015916490570703552,3.922169831688614E-4,0.008283887009089119
0.01942059551678522,-0.025,0.013660197800544525,0.008433760978135689
0.02243332809371097,-0.020002453607728253,0.007611499668556595,0.008333927968939177
0.01519375602394768,-0.01853657777327687,0.018651751929250813,0.008194269848224751
0.010206447485897847,-0.017422782095790432,0.018550712051036974,0.008145866939578597
0.016591848064023886,-0.025,0.018752791807464655,0.008441834212904533
0.024768483601710023,-0.024999999999999998,0.0035999773870186535,0.008403727528605619
0.02178006114078467,-0.025,-4.0448861118580655E-4,0.008373954772128645
0.01802337881401615,-0.025,0.005314636327157129,0.008362769102967172
0.014189150992403716,-0.02003780611890338,0.008708030214615541,0.00828527277691465
0.01605891169038407,-0.025,-0.002877445826411723,0.008346557251494111
0.011171159648383092,-0.014869824600391024,0.003468901155100395,0.00821390073494411
0.007000000000000034,-0.025000000000000005,0.025000000000000005,0.008363297042554776
0.010434638514454447,-0.025,0.018845714447424493,0.008419505178209165
0.0037617095607104887,-0.018000156840582378,0.025,0.007991028678648014
2.667137344314341E-17,-0.025,0.025,0.00834593452580034
0.004076171203609126,-0.019015303933832824,0.01872755073083714,0.008174063006536357
0.0030928273290772024,-0.025,0.018665188334647594,0.008404276831122591
0.042,-0.025,-0.025,0.008620775240750564
0.04539959540204057,-0.01844103595756979,-0.024999999999999998,0.008326542633295176
0.03802087639645361,-0.01881952013755913,-0.025000000000000005,0.008254396150539004
0.05944680500383984,-0.01945326391357015,-0.024999999999999998,0.008620383702674733
0.04900000000000001,-0.025,-0.025,0.008711855811409762
0.055999999999999994,-0.024999999999999998,-0.024999999999999998,0.00883600450976115
0.05240956706732232,-0.01801169844778923,-0.025000000000000005,0.008417852156528599
0.026328219130697703,0.012947634806674118,-1.65795515016317E-4,0.00828665045758647
0.016046749696904034,-0.025,-0.01103821984069566,0.008397968825060099
0.018346115136666303,-0.01682807392595059,-0.01025641722183899,0.008249936006461121
0.03500000000000002,-0.025000000000000005,-0.025000000000000005,0.008533964138109518
0.03235185800779519,-0.025,-0.018974652950029973,0.008567319241445465
-0.007000000000000034,0.025000000000000005,0.025000000000000005,0.008362416186094769
-0.003883411691060861,0.017480022954577693,0.025,0.007980708100022669
-0.014000000000000035,0.025,0.025,0.008382144112278885
-0.010412494788809134,0.025,0.018799614467870145,0.008426025838885569
-0.010136511987391454,0.019078359587735683,0.025,0.008062420543923664
-4.2560121121803726E-4,0.01036656706865837,0.025,0.0077489677158562005
-0.006867511383085913,0.01939173453360261,0.01988339275474798,0.008177181445981282
-0.006362989342311304,0.025,0.012875049162678842,0.008382208868808071
-0.016483076312038554,0.025,0.018616557586116453,0.008439487293591359
-0.011914468483475172,0.021122912267934404,0.017175277381433735,0.008283565695363376
-0.013254050959731395,0.025,0.012274514628153614,0.008396080262709979
-0.007085089305734073,0.020517912531757068,0.0012453680427081553,0.008265507081879587
-0.009254056091930751,0.025,0.006254166524207128,0.008334527210597532
-0.003054320329892335,0.025,0.008064690037670685,0.008334986105798796
-0.011860128440471854,0.025,5.741094769865576E-4,0.00832211694341241
-0.021000000000000026,0.025,0.025,0.008414155016052497
-0.02800000000000003,0.02500000000000001,0.02500000000000001,0.008465940530898693
-0.024055560691384568,0.025,0.01850482239963136,0.008493687176525782
-0.024658174797047676,0.018484308673986247,0.025,0.008110601607806106
0.0070757231746128805,-0.006362191552846005,0.011350189057341375,0.008060336115925586
0.00505951507814105,-0.013030607867665647,0.018789913127026686,0.008006796963416605
-6.398242324638891E-4,-0.009934991096345637,0.025,0.007737116337978504
0.004385250824577975,-0.003151244682252751,0.024999999999999998,0.00765879741963054
-4.1948653466517243E-4,0.018170207481650234,0.008190866875148424,0.008225679458734092
0.0037106846661123264,0.0027864311015659803,0.011839720176236499,0.008025883635802184
-0.0019765939120253992,0.007787776393265663,0.017041999570088583,0.007953909294409391
-8.340322152494355E-4,0.014410218958939078,0.016658521856313082,0.008080696218644759
-0.0035985107787803697,0.01970510947946954,0.014766785509495962,0.008233949934039954
-0.0035985185466952865,-0.01739567668331457,0.025,0.007972512142442425
-0.0014934223954123148,-0.01627099697173578,0.018789913127026686,0.008092779554278189
-0.004127618720531908,1.495799875432316E-4,0.025000000000000005,0.007630912015523017
-0.009447240799973087,0.01033802948910665,0.025,0.007750888918247615
-0.005045764461042285,-0.012540654178251317,0.018511451060292648,0.008001862909632016
-0.010042576132863206,-0.010585269040627981,0.025000000000000005,0.007760207842328736
0.011987396125974896,-0.014664036962975295,-0.005163621791873164,0.008208769767898652
0.007872599742084086,-0.019832018481487645,-0.006635975970251986,0.008262055705132823
0.015386890703038532,0.018148463037024706,-0.0090336200810686,0.008259206017356836
0.013303021078886493,0.025,-0.01307666487184285,0.008395543695924745
0.03543944264232475,0.015454023513869547,-0.015738679998795753,0.0083084268922692
0.03037311006463855,0.02500000000000001,-0.018883433596057552,0.008538267723892165
0.025444203057499164,0.017765894671807857,-0.01706744152116865,0.008258721800692438
0.022964441057020155,0.025,-0.018991117243332287,0.00848556019909136
0.020222186876760386,0.01991898735587693,-0.019698137108398982,0.008254722563799359
0.03537920418530109,-0.01655759277740039,-0.016789991558413056,0.008322231893008977
0.02843527276267723,-0.019136843611162222,-0.019940934435321956,0.008277791889021596
0.015831428479566444,0.01928752144855319,-0.015810313946931356,0.008251437868498851
0.016397221992665897,0.025,-0.019049748560130073,0.00845386331029185
0.03130704195100016,-0.01890136315560948,-0.025,0.008179708773615967
0.03456283478228108,-0.01215051789675875,-0.025,0.007969009079908107
0.025603465987138686,-0.025,-0.018941851480233758,0.008503318005689259
0.020271180952461818,-0.019372324066714967,-0.018022937537503225,0.008256555681834445
0.01813278961316421,-0.025,-0.018808567773515285,0.008453838311171335
0.02800000000000001,-0.025000000000000005,-0.025000000000000005,0.0084665639906452
0.03928215967014398,-0.004689664264951696,-0.025,0.007879156986306634
0.03084947662568632,-0.008962620449768002,-0.01650136960232605,0.008124648356326052
0.04246236935690417,-0.009187581791872802,-0.01932787073305439,0.008195298877155966
0.04797511963389239,-0.010450966217124366,-0.025,0.008098077556149308
0.04104988174633165,-0.013726114822055803,-0.025,0.00809968783452998
0.052280309306894715,0.011378972224979078,-0.025,0.008188745470527867
0.05708805898988929,0.007837701424050594,-0.01438980730264019,0.008546021276482295
0.051045987329332694,-0.0015031984681690147,-0.025000000000000005,0.008034599404097661
0.03985353752871866,-0.0034635618161734517,-0.013755300636508164,0.008232873906305546
0.042417774748764236,0.004358094961612269,-0.025,0.007925821613677957
0.0461807484250383,0.006584755725837775,-0.012499999999999999,0.008366922628938098
0.037435645167800596,0.009341886532218574,-0.018750000000000003,0.008147025694002866
0.02800000000000001,0.025,-0.025,0.008463453342662724
0.033412947040665844,0.017526463340341913,-0.025,0.008143974410620548
0.03515989369562118,0.009555033215811366,-0.024999999999999998,0.007913596465873812
0.021,0.024999999999999994,-0.024999999999999994,0.008415154877938941
0.0101140082123901,0.025,-0.019317771143788902,0.008422604369708125
0.0029140928628308554,0.025,-0.006749536974144576,0.008324346109582504
0.006479420351816839,0.025,-0.012947960993169602,0.008376134799988305
0.005763697193257148,0.017323108670712354,-0.008282446019858482,0.008214409040339342
-8.159407322625989E-4,0.025,-0.012872565576154564,0.008369451121610619
-5.020916320791894E-4,0.018036554335356177,-0.0040746640357800104,0.008229684467242211
-0.0038440433871184676,0.025,-0.008207493538002474,0.00833040763289074
0.005381112020495164,0.017653872408374533,-0.015177819262977897,0.008177740720193442
-0.004707425390004478,0.019227395624275646,-0.012286434830400454,0.008236657581645022
-0.007461452906640978,0.025,-0.012744339655588258,0.00837812932628444
-0.010510532898613544,0.025,-0.00589497403984271,0.008336602101701751
-0.008722244596392847,0.015359078202114594,-0.006642775480315562,0.008202254318669
0.003083769294281738,0.025,-0.01890609073819218,0.00840888034093908
0.013336274323676709,-0.025,0.01232442634030343,0.008401726900304714
0.006268556357056761,-0.025,0.012845666494173062,0.008377203629377173
0.010354923170791288,-0.015075612237806756,0.012101424102073953,0.008164784355140753
0.009131547684674234,-0.025,0.0061779072065486496,0.008335923404320251
0.007352138350109581,-0.025,-0.012600975589168228,0.008376022151998319
0.011469199824847828,-0.015353782658575297,-0.011862116913380991,0.008172900113277369
0.004263513339258131,-0.018750000000000003,0.003943268039674939,0.00824338676561845
0.011305195788334665,-0.025,2.3037524831796136E-4,0.008319173631960549
0.00978693018262572,-0.025,-0.005859745439200072,0.008333019686464204
0.00320774027541533,-0.025,-5.003367556186307E-4,0.008299835180058314
-0.00777288223052114,-0.018770327089125658,0.01867623742084631,0.008180254486176826
-0.010492752469952269,-0.019143695405121997,0.025000000000000005,0.008061398631368892
-0.006999999999999993,-0.025,0.025,0.00836118818144642
-0.003806440689458429,-0.025,0.018676304276228663,0.008405178415440412
-0.010499999999999995,-0.025,0.018841023781399978,0.00841853820908258
-5.853801083222782E-4,-0.025,0.01248639931124157,0.008374923176795465
6.116737558706566E-4,-0.015146317260156996,0.012579826254053373,0.008147582649966296
0.0028983495632327744,-0.025,0.007957362441257216,0.008340062828379409
0.0037578033581932777,-0.025,-0.00810833014863081,0.008336687619159516
0.0014354595377602105,-0.018750000000000003,-0.0034072017161478076,0.008239137235050148
-0.007016581587492576,-0.025,0.012088505224427282,0.008383580522488082
-0.006344426482747264,-0.020073158630078497,0.008807471881548682,0.00826323877171992
-0.003237148275873847,-0.025,0.005592041642512063,0.008318718570759241
-0.002757758039763067,-0.025,-0.006743577070388279,0.00832229293712673
-0.005602927144517031,-0.025,-6.779541955141081E-4,0.008307093640926452
-0.002723482724414267,-0.014225383967938442,0.003156398262076168,0.008189253370407166
-0.014,-0.025000000000000005,0.025000000000000005,0.008372792383383088
-0.021,-0.024999999999999994,0.024999999999999994,0.008411894925993282
-0.017347810024180912,-0.025,0.01884081486897915,0.00845049635640359
-0.018058277183072194,-0.01678027783265402,0.025,0.007991557938691307
0.010808707081749348,-0.025,-0.01844511478314747,0.008416508350376248
0.014435077065150462,-0.016846065773882462,-0.018431058456690498,0.008142396607973137
0.007218507978768094,-0.01692204770144027,-0.01888008005994649,0.008108182269222667
-0.018436091553546086,0.018295744730128374,0.01853254972075541,0.00820660666787498
-0.017668346623128342,0.01637137923269156,0.025,0.007961182397809812
-0.019257767762350067,0.025,0.013317932064770999,0.008433066314088416
-0.025250519546116807,0.025,0.010402919023812442,0.008450642209333803
-0.009324656137989329,0.013623182324555408,0.019010050485843054,0.008023892138561911
-0.017348590885482833,0.007658590358411335,0.025,0.007744207024379545
-0.012969397170444857,9.357629800177958E-4,0.025,0.0076506097534459385
-0.010059514819533977,0.0053947228599304,0.017142038134535204,0.00793645324187548
-0.010381931419242008,0.0175531878822761,0.010543062912143556,0.008223862596960046
-0.01790882265709709,0.025,0.005968932971638204,0.008365181761990725
-0.01557565616046793,0.020111534873263556,0.008120558629714445,0.00829319503435602
-0.011157933974750421,0.01538691389342423,8.633535868349042E-4,0.008221664739863504
-0.018420105245260988,0.025,-0.002584723546135469,0.008356473058327285
-0.01706817879289229,0.018209198513941986,-9.622087649826069E-4,0.008279226391796074
-0.031236889094732007,0.02086080228697829,0.02104119913435289,0.008358963800004714
-0.03108027473077752,0.024999999999999998,0.01708239826870578,0.008541909882395402
-0.03500000000000003,0.025000000000000012,0.025000000000000012,0.008531095253637946
-0.020431276537591834,0.01777316508372089,0.004432390073399894,0.008291105088966891
-0.02349739875696999,0.024999999999999998,0.0030287784870628234,0.00839143712986534
-0.024878975250916667,0.009308996879459436,0.025,0.007812474276171741
-0.02271894139006602,0.01443568961634578,0.015527136611184905,0.0081836791001105
-0.027254899433964565,0.018999607829669068,0.017008159896226224,0.008304326309854835
-0.027056222424376258,0.015578647095151181,0.02026356830559245,0.008149792287168962
-0.031393503458686495,0.016721604573956585,0.025,0.008082491059762097
-0.038402572094301195,0.01890262927584463,0.025,0.008264528983085847
-0.01375499093634644,-0.01596329754640551,0.018511451060292648,0.008105472163860285
-0.017399068318131428,-0.020481648773202753,0.015514926285330688,0.008294493727662484
-0.008232586415420537,-0.018089193545093793,-0.0026193318860460524,0.008241031392178305
-0.009261501067710506,-0.016638918538579867,0.004104170072039832,0.008227043053394863
-0.005277555254958249,-0.005296617302404672,0.01194224511130727,0.008033308243915818
-0.013772672384826512,-0.007460310725512574,0.016602543573309998,0.007982214784883247
-0.025167104604451318,-0.019530451044005796,0.025,0.00815744052624501
-0.023084913175601497,-0.015783591149011213,0.019570287504586895,0.008131493937588804
-0.019485924108191163,-0.006035780810537954,0.025,0.00772518555181814
-0.026239123536933362,-0.011573462508033254,0.025,0.007870418642589999
-0.03121127325078841,-0.017951121575980618,0.025000000000000005,0.008141491989567278
-0.03214409789673023,0.007620658298359846,0.025,0.00783354759020106
-0.04200000000000002,0.025000000000000005,0.025000000000000005,0.008618055723530431
-0.03857322328805095,0.025000000000000005,0.01798414983802705,0.008635531398837505
0.003821330530441689,-0.015353782658575298,-0.012760160119892974,0.008150463325091192
-0.004620084154365718,-0.01770639245272587,-0.008008083149872258,0.008222862710240099
7.510111080917536E-4,-0.025000000000000005,-0.012834306253719629,0.00837296338405282
0.0037880809429708603,-0.025,-0.018698366844229826,0.008403664624036772
-0.006411485321835303,-0.025,-0.013067101403394068,0.0083791958850893
0.0277674116666662,0.010025554828781723,-0.025,0.00786013584174288
0.028455133937328056,0.004612996827269838,-0.018750000000000003,0.007992875463918652
0.02448275939189518,0.017197773648208556,-0.025,0.008048935372484882
0.01747993269650062,0.014837974711753863,-0.02040515697346568,0.008059203910375373
0.01661243640862843,0.017503868452788063,-0.025,0.008017272675202115
0.019128436913434802,0.010388427974954532,-0.024999999999999998,0.007796352896810507
0.0179958540288854,0.007688093286560726,-0.01879144887875408,0.007953139305759858
0.028370315541227594,-0.005513222609599008,-0.025,0.007780424508463907
0.03272138251641064,0.0026183075488687493,-0.025,0.007792838004118678
0.022985968269732076,0.003317946626800579,-0.025,0.00771447524453007
0.025608962988417094,2.809803352155966E-4,-0.012001516080309324,0.008114752959599689
0.024173664007090277,-0.018833148414958693,-0.025,0.008118751574847873
0.027937572130650637,-0.013941075097083755,-0.025,0.007965347445779883
0.022409572291759428,-0.013744648133429935,-0.017237307301491162,0.008131977016346622
0.017400954305453097,-0.018338348889189622,-0.025,0.008056105397749399
0.021505944978348804,-0.011497189771834011,-0.025,0.00784018738392183
0.017238311019889756,-0.01003563924310118,-0.017237307301491166,0.008023889529473584
0.010331382354724798,0.019721489382217655,-0.025,0.00809363694776487
0.01400000000000001,0.025,-0.025,0.008381837371513774
0.006999999999999993,0.025,-0.025,0.008360270259546318
0.010615685427094498,-0.018490312744305237,-0.025,0.008031250249978096
0.014000000000000009,-0.025,-0.025,0.008379382008486543
0.02100000000000002,-0.025,-0.025,0.008418725089731368
4.018584189351569E-4,-0.019790688812594128,-0.019311803466943455,0.0081896663955924
0.007000000000000009,-0.025000000000000005,-0.025000000000000005,0.008359308665396416
0.003183002513674066,-0.018796530261219302,-0.025,0.008029557626618878
-0.0031240110866762316,-0.025,-0.018856576208543162,0.008410256641694936
-1.0842021724855044E-18,-0.025,-0.025,0.008353597326839662
0.012612868966155936,0.013575042897106381,-0.017407677532786194,0.008068682530172755
0.009940730204718922,0.011849409633801492,-0.025000000000000005,0.0077882851733768015
-0.0039015112346452996,0.025,-0.018729889551737433,0.008402745027100778
0.003983678184005308,0.01802406012230652,-0.025,0.008001291705636484
9.470428894195017E-4,0.018033741151884587,-0.02008890963148895,0.008120469526872221
-0.016467983820386233,0.025,-0.011388013255690471,0.00840345956770135
-0.011417885797298643,0.019441976233860996,-0.014842913548412917,0.00824156090197421
0.004282803689173489,0.010307744816749072,-0.017407677532786194,0.007981921304208767
-4.769414533646252E-5,0.010969272292073444,-0.025,0.0077601642570125475
0.003032105763840026,0.0035989903975730056,-0.025,0.007641486480311728
-0.0034871433914205295,-0.0032815700905496972,-0.025,0.007641234264457964
-0.001138318328362047,-0.009620567416054108,-0.0183905986539403,0.007939344506888005
-0.0030908550144733574,0.0019095824971025934,-0.010784494434270734,0.00803353801253082
-0.010969433832685851,0.025,-0.018611127842525894,0.008424217491153822
-0.006458291527856791,0.0159026735417302,-0.018414265002606324,0.008085660108624677
-0.018434996853377822,0.025,-0.018955077614458575,0.008455674004593591
-0.01454658159573646,0.0188415754289746,-0.01992145677420646,0.008181228187227725
-0.023993895930589274,0.025,-0.007931470154623187,0.00842353394323098
-0.016074509131313634,0.015442716456047223,-0.00937991639260857,0.008217512159242789
1.0842021724855044E-18,0.025,-0.025,0.0083513208620318
-0.010402796164603503,-0.025,0.005304251486910362,0.008332954238597914
-0.02731299532576353,-0.020391795574505607,0.018983384764110874,0.008330746633995642
-0.013858200533925915,-0.025,0.011731818227236915,0.00839106107059645
-0.01481226024524795,-0.018750000000000003,0.007506484122792249,0.008271245023374379
-0.021043145699916416,-0.025,0.012518401510368725,0.008437197578496288
-0.021626996393511965,-0.02175918281350416,0.009240663609206183,0.008357659898334426
-0.024386593927289705,-0.025,0.018677242630286695,0.008490293329002991
-0.01009374870728921,-0.025,-0.006870105778236255,0.00833845396530732
-0.011497339491192771,-0.020571640811469737,-0.011473007183440131,0.008283413124918843
-0.013272974746725296,-0.025,-0.013105996758631035,0.008399503308639306
-0.01333736580702978,-0.025,-0.0010721121341373176,0.008327283769545694
-0.01731754299325693,-0.019401515556754026,-0.0035834207770818124,0.008292971883942655
-0.018076008359712913,-0.025,-0.007523977350550626,0.008381170657033836
-0.012913090904715858,-0.016084176017729646,-0.006859774786557964,0.008224295037871919
-0.027999999999999983,-0.025,0.025,0.008469000390266055
-0.031541077475925564,-0.025,0.018396482023634857,0.008559377142181811
-0.035,-0.025,0.025,0.008534038832505718
-0.037969634355087975,-0.017801401606031768,0.025,0.008206943724697454
-0.03590978378669595,-0.019552816336040196,0.01787494676825079,0.008402091227125767
-0.03890990303241368,-0.025,0.01840103533432296,0.008639270245705509
0.01787528971158599,-0.003470894907314552,-0.025,0.007693926244267453
0.013831141463350937,-0.011415130634301184,-0.025000000000000005,0.007801111291728933
0.010077514994248084,-9.997050674217334E-4,-0.01884300699303316,0.00786097458128126
0.007024633034946957,-0.013563955250604783,-0.025000000000000005,0.007841025133732697
-2.53876812544308E-4,-0.011257179258301449,-0.025,0.007756730902869707
0.008372659954534727,-0.007751688047549495,-0.0123928573086863,0.008054269135518771
0.0071993676859152915,-0.004999224255765704,-0.024999999999999998,0.007657927721023226
-0.02767086285749771,0.019394672132140908,-0.005610942917177904,0.008365449939649517
-0.025721331787189987,0.025,-0.0017281820249697782,0.008401436160713158
-0.026745433972096843,0.018750000000000003,0.002163045598700015,0.008350888773265142
-0.03162091229791074,0.025,-0.004737997548448926,0.008465520089427157
-0.028648139187550565,0.025,-0.013054950467773892,0.008494170299016316
-0.030478726354531093,0.025,0.0035333523044806074,0.00845115753982653
-0.031089382361237317,0.018750000000000003,0.008452385558662309,0.008387743323748042
-0.034409228565470934,0.025,0.010850497894954809,0.00853912429902941
-0.0202716901602246,0.0023452039640439737,0.025000000000000005,0.007684735142249685
-0.019016257167862705,0.004122193228093465,0.014841613347085851,0.008015141269513422
-0.027430835852464287,-2.6833914360478023E-4,0.024999999999999998,0.007734217064247243
-0.034265020157458956,0.01753016457458996,0.01675564322460598,0.008337595421680867
-0.04140497849216422,0.01968984311433921,0.013971253595603712,0.0085067134470167
-0.029956817026866964,0.010060329149179922,0.015527136611184905,0.008153724124715574
-0.03847921413406421,0.010559227104566507,0.025000000000000005,0.00797815005652855
-0.04549084890495367,0.020747963481581408,0.02135953531803079,0.008518498798111139
-0.04900000000000001,0.025,0.025,0.008718960278390113
-0.04552721849730492,0.025,0.017719070636061582,0.00871999424555305
-0.04545447931260241,0.01649592696316282,0.025000000000000005,0.008235972379274585
-0.04111696818604599,0.014379686228678417,0.01756886425918765,0.008321049722022727
-0.032909664540978226,-0.014105632672080393,0.017348858202178616,0.008225912975622845
-0.035279064323184596,-0.009309631800642149,0.025,0.007901759454535863
-0.024485922300524827,-0.018518365627008315,0.013249289394459542,0.008299417954732921
-0.03101944584181616,-0.005264241455892473,0.017348858202178612,0.008056055375842024
-0.03768083083794162,0.001543758063259848,0.025,0.00784451836079615
-0.04411039017919329,-0.005037391350407781,0.025,0.00794693514666804
-0.040915786060224855,-0.013499756186653758,0.01785188968208773,0.008300777043355523
-0.04209676490962849,-0.01266916640103908,0.024999999999999998,0.008064294936581161
-0.047398621659889555,-0.012198876274519002,0.025,0.008138918043228196
-0.04545329632829047,-0.018309078478025407,0.02500000000000001,0.008325876045968102
-0.04363631470228864,-0.0193543108894785,0.01811583034095775,0.00848741806214442
-0.04169298879828245,0.025,0.010373642932019771,0.00862333189526021
-0.03307816966988756,0.020678240072653408,-0.011284310202984578,0.008435267009130009
-0.03598280799388806,0.025,-0.011898684488664924,0.008564358158660877
-0.032258160783156686,0.025,-0.019035462703357695,0.00855744107341613
-0.022693421379088873,0.025,-0.014264658436491141,0.008461259388167837
-0.02342677366623442,0.015526354709979852,-0.012117057304901577,0.008240450281979467
-0.02946240484276572,0.02045616061064277,-0.018241688271810115,0.008359220682126921
-0.025475944659519564,0.025,-0.019236524638927208,0.008504259982772055
-0.02800000000000001,0.025000000000000005,-0.025000000000000005,0.00846946237141558
-0.006436806461344092,-0.019134749773687232,-0.01769794652916219,0.008198341628380896
-0.013584148643076726,-0.02042450734228332,-0.01711385728368001,0.008267579123822687
-0.016434236099877295,-0.025,-0.019070312463282592,0.00845556068056959
-0.010163385682091245,-0.025,-0.019356202664745185,0.008421606871491783
0.013263380035704542,0.0037081551823071254,-0.025,0.007667450553808162
-0.007000000000000009,0.025000000000000005,-0.025000000000000005,0.008353873144371905
-0.014000000000000009,0.025,-0.025,0.008380621973974794
-0.004044213008212522,-0.018079210314965066,-0.025000000000000005,0.00800120761415294
-0.006999999999999993,-0.025,-0.025,0.008364079504026848
-0.0190703804446003,-0.025,-0.01413027059251875,0.008441198221789615
-0.01955669839511699,-0.017463253347435537,-0.012449341813128477,0.008252327378009346
-0.02496970917177786,-0.025,-0.01145702107649229,0.008448003982932686
-0.003487026241656161,0.018413609895394645,-0.025,0.008015062484909186
-0.010142530381189799,-0.011893078754576882,-0.025,0.007792962711645283
-0.022114664869102567,0.019802576960987205,-0.01875680313345468,0.008274840437029259
-0.02100000000000002,0.025,-0.025,0.008416566099192365
-0.007372011065398362,0.013317584113123261,-0.025,0.007836297719706125
-0.010310865995514043,0.007113001730492664,-0.016941487441237576,0.007959517260445751
-0.007548372009289751,0.004699273149629549,-0.025,0.007662118028957955
-0.011592279537076441,-6.23633113829446E-4,-0.018435487862553796,0.007880401030521797
-0.02443016787995507,0.018463747255786093,-0.02500000000000001,0.008105024403811669
-0.01383496928553225,-0.0038039844198880443,-0.025,0.007671134644259357
-0.013954188599183655,-0.013015342829351994,-0.01964156384830594,0.008007682297915052
-0.01767527739417428,0.01824117462408821,-0.025,0.008052419284017608
-0.010963185182345604,0.01835055583490911,-0.025,0.00802770804634764
-0.014123994368384449,0.011205427229847763,-0.025000000000000005,0.007790502363328523
-0.015374318687956308,0.013883952467721995,-0.016941487441237576,0.008094190561210702
-0.0347677484536875,0.02151764908914463,-0.022017731351678848,0.008404060933704553
-0.01930124026956604,-0.010398484884056607,-0.025000000000000005,0.007799490630443727
-0.016096891824240827,-0.006004563036339255,-0.012721663257254014,0.008062082209294785
-0.023253916630466404,-0.013677935928789473,-0.00614726832455444,0.008252663683122453
-0.02320271615075402,-0.025,-0.004670376613970073,0.008395090120547021
-0.029468141387939538,-0.019431312955795244,-0.0023823311912344832,0.008383041206397115
-0.018768070486499103,-0.025,0.0052320378239528245,0.008367591035778216
-0.020633015838910206,-0.018750000000000003,0.0020905455077189308,0.008306388185425137
-0.025499711721250425,-0.025,8.999409970902768E-4,0.00840128140580114
-0.019915488628327326,-0.025,-0.0014279738804304238,0.008360679987110257
-0.02796912285429798,-0.025,0.01235800377974529,0.008487803897400475
-0.02494528684833501,-0.025,0.007742578582430682,0.008422073756488964
-0.028254116916257763,-0.018401391819804578,0.007100789293800057,0.00835704038802121
-0.03000551586180707,-0.025,-0.0057558221653915345,0.008456307304572133
-0.041999999999999996,-0.025,0.025,0.008616272557673403
-0.03262720275328136,-0.025,-1.5319691842219374E-4,0.008466630525655149
-0.03131375818275267,-0.025,0.006078542291715082,0.008472213656550317
-0.03537574595082373,-0.0197136387651588,0.012170596478704682,0.008441775294432878
-0.03568365935607164,-0.025,0.011814163539341033,0.008564833644662258
-0.04295865074161441,-0.025,0.011721007657509754,0.008655775917372434
-0.045730114827655655,-0.025,0.018987457036972494,0.008727128575976658
-0.048999999999999995,-0.024999999999999998,0.024999999999999998,0.008715304642734803
-0.05244002060566677,-0.025,0.01948511334289737,0.008837888754253672
-0.05143436788274035,-0.0192865953197604,0.01833849485461128,0.008608024346081527
-0.05376908335141447,-0.016304329562038675,0.02500000000000001,0.008378393797408857
-0.05599999999999999,-0.025,0.025,0.008837156311730456
-0.046219705676657646,-0.019370136758667375,0.012646115183289832,0.00857684357684521
-0.052756411719029075,0.025,0.017884461538761963,0.008849912771730205
-0.056000000000000015,0.025000000000000005,0.025000000000000005,0.008841492388857983
-0.052511857501032454,0.019230245541742894,0.024999999999999998,0.008481253297289854
-0.059389812561084644,0.018967834567860567,0.025,0.008605632609741024
-0.05975284809771685,0.025,0.01911229813320525,0.00898040633547023
-0.063,0.024999999999999998,0.024999999999999998,0.008986925585940123
-0.06517665087661809,0.020294060294743524,0.02500000000000001,0.008792839710468237
-0.04898316477098541,0.025,0.010279700499008358,0.00873227906826531
-0.06525499177705021,0.025,0.020058417239044134,0.009098903917484235
-0.07,0.025,0.025,0.009157814886809446
-0.0345562082463955,0.016269672132140908,-7.364288642272755E-5,0.008402185010200737
-0.0397089136674578,0.018264806776141625,0.007058858467791364,0.008480401801282183
-0.040382403275227616,0.025,-0.004788484221459187,0.008574378893318272
-0.037604202451778354,0.025,0.0023535463480440777,0.008527725654869237
-0.07,0.017950333342256087,0.025,0.008792756977328885
-0.07,0.019782942301596988,0.019644747943733366,0.009009867447297539
-0.06421106060278749,0.013267014702325039,0.025,0.008500569373669298
-0.048476040492809215,0.01811460394138344,0.014330892896388843,0.008567058064599672
-0.044385406441403166,0.0028656022297523405,0.013944062535851126,0.008287721212600288
-0.04655896694350109,0.005731204459504681,0.025000000000000005,0.007994086750848119
-0.04796891621463303,0.011229207882766873,0.018382085293769324,0.008336719569538267
-0.05412420754612879,0.010928802213250495,0.025,0.008217041021818722
-0.053451371473758544,6.114989004679036E-4,0.025,0.008071757580120426
-0.05428321836582462,0.003834209314649638,0.017335457226921938,0.008379759397995965
-0.06233149194799069,0.004188607154523863,0.025,0.008280430878376191
-0.0465525270090012,-0.004317181799707117,0.01611249153302343,0.008290456802454365
-0.05172411377019627,-0.008193065821439985,0.025,0.008123075058473282
-0.05042871515981393,-0.0135731906395208,0.0171918763663252,0.008453428378299781
-0.03975467182236691,-0.01814679460072655,0.0043351864844734505,0.008483138173930437
-0.03837413981135602,0.020678240072653408,-0.014100295470097423,0.008490733689546384
-0.04330494632473783,0.025,-0.012157077372096932,0.008663200348423356
-0.04520747351658774,0.025,0.00221992843393461,0.008629891958994104
-0.03500000000000002,0.025000000000000005,-0.025000000000000005,0.0085352552306615
-0.039240079470487466,0.025,-0.018686921001999583,0.008648840734929391
-0.042,0.025,-0.025,0.008612135606981338
-0.03160413876477881,0.0184824814908654,-0.025,0.00816324820830943
-0.02579433288482731,0.014605153921974413,-0.01855852865245079,0.00814741416540706
-0.03727733612421831,0.018035298178289264,-0.025,0.008205083779470546
-0.033448865026011874,0.01591232122128554,-0.017246851904693015,0.008276460190690444
-0.02320273968170153,-0.025,-0.018975884233402372,0.008482076256588207
-0.021558059545346415,-0.01854914098674914,-0.021069541957261285,0.008186567129053121
-0.010510244585397458,-0.019662819439085086,-0.025,0.008093774713596428
-0.016927743102860007,-0.01750285846246013,-0.025,0.008015079195204668
-0.03379476736328797,-0.025,-0.012632978913182116,0.00854579303811343
-0.03386590735121973,-0.018105327867859095,-0.009118773052233825,0.008401766363565547
-0.021,-0.024999999999999994,-0.024999999999999994,0.008413344697144403
-0.01400000000000001,-0.025,-0.025,0.008382699964897912
-0.026630118360351913,-0.019595423511038147,-0.015259368125295046,0.008338276384011563
-0.03036847203088644,-0.025,-0.018609882176052278,0.008543776621076919
-0.024410977248776784,-0.017171038308434396,-0.024999999999999994,0.008042286387197728
-0.023886210605678096,-0.01230975233810867,-0.0194428305399734,0.008058718794094802
-0.03392706945120612,-0.020151230587014828,-0.016621043347619602,0.0084102139912158
-0.039860571490271515,-0.025,-0.013863377122073486,0.00861949295264273
-0.028161892103420197,0.013683953133968974,-0.025,0.00795504181566517
-0.021297196907481115,0.011308027913268126,-0.024999999999999998,0.007837948704831068
-0.028538086449748364,0.008679196813528127,-0.01736578999567451,0.008083146031444546
-0.02309448979358975,-0.0031605646084182787,-0.025,0.007723080640751775
-0.023627307873484858,0.0014460724057707138,-0.017484728086656007,0.007974897062271908
-0.0180554087687133,0.003460225855963242,-0.025,0.0076886139638839696
-0.028281937910737957,0.005157377057127266,-0.025,0.007773251766263836
-0.04567769344001219,0.019140093827167456,-0.009990319269848641,0.008571761813333398
-0.048084225325115415,0.025,-0.005831442721547647,0.008688848328231824
-0.05019515738253563,0.024999999999999998,-0.012962109884080388,0.008772649176050527
-0.02767349696769952,-0.009787446320857082,-0.025,0.007852473546234383
-0.02666706912367205,-0.004069068801058292,-0.012635869884477388,0.008120697084102228
-0.031730805223306666,-0.0023588956748881104,-0.025,0.007794388886036763
-0.0360572236817607,0.0038030930329196033,-0.012520050259471085,0.008212673417727554
-0.039216218362022756,-0.025,0.0035563217094698903,0.00854802814068316
-0.040010292486194955,-0.01855456407146552,-0.005413314876519085,0.008489822333702417
-0.038813927340790755,-0.025,-0.00611513814873272,0.008556697544666066
-0.0467869243032315,-0.025,-0.0019372321089649053,0.008651045416287266
-0.0497700710171507,-0.025,0.01308948435916641,0.008764494109434274
-0.048276867744782515,-0.025,0.005990019718561161,0.008692752463590804
-0.0558774681741865,-0.0192188797500423,0.01831233121530238,0.008685991917088963
-0.06300709771907,-0.017903978864584884,0.025,0.00862559326545735
-0.05892856187668996,-0.025,0.019980098551648375,0.008957273821670237
-0.05577422340163201,-0.025,0.015276148820627824,0.008887102445470722
-0.063,-0.025,0.025,0.008985047799749206
-0.055274105946654654,-0.016491411730685072,0.012003528694586946,0.008674882161665554
-0.06065716462377279,-0.007930560924180367,0.025,0.008281035161849947
-0.058977112857166586,-0.0023914664905302255,0.017139549087707397,0.008475460037611205
-0.05931491574270624,-0.013437759500084598,0.017139549087707397,0.008625130029331513
-0.07,3.469446951953614E-18,0.025,0.008441686409887164
-0.05115283714803982,-0.019408524454122486,0.005537985831924777,0.00867229685206446
-0.056130402274794246,-0.025,0.008887281896985712,0.008848706898886437
-0.04667928136069288,-0.025,-0.011207766489907303,0.008702837225412924
-0.04493857180012736,-0.01557750553099218,-0.01131612166022368,0.008488319603588491
-0.05716104750875594,0.025000000000000005,0.011414524833541372,0.008890381397665766
-0.05743395667780378,0.016028459864415687,0.01439160629352456,0.008688847747809416
-0.0637169783389019,0.017905701083006337,0.017018177118628963,0.008834731687091446
-0.05319255709603905,0.017787359587759375,0.005187916959337242,0.00868889769079339
-0.06440456576013892,0.025,0.013847323583536339,0.009059301729813153
-0.05435208244652069,0.025,0.0016356759371901966,0.008781424014056466
-0.07000000000000002,0.025000000000000005,0.0176612968345837,0.009211854863591424
-0.07,0.009686684306776898,0.025000000000000005,0.008547133986956784
-0.0637169783389019,0.010232623397233145,0.015821893520069026,0.008697532970205618
-0.07,0.013625911723442734,0.018996492950739997,0.008840986533125043
-0.07,0.018977783806563522,0.013278824249416779,0.009056483049046443
-0.07000000000000002,0.025,0.009369245655791046,0.00916640088605059
-0.06318870015206693,0.025,0.005431407569630009,0.008978756863187191
-0.04514803563221033,0.0125,-0.0014716588249226985,0.008502543079378054
-0.07,0.0044367869300506076,0.017252180746613492,0.008746778857855249
-0.06326417261103658,0.0027600085604683328,0.01184248877653242,0.008695468331755512
-0.07,-0.005305436942625037,0.01687694252197671,0.008759219654426177
-0.07,-0.009686684306776897,0.025000000000000005,0.008535433638757329
-0.05478542713988095,-0.025,8.735309597107284E-4,0.008790779105905188
-0.04880912395942768,-0.018687895800593914,-0.0041408849959807615,0.008625704538231128
-0.053153489863698125,-0.025,-0.00588904215641519,0.008778427758434317
-0.05081758110495175,-0.02070703766299151,-0.013430091049671949,0.008678012953026731
-0.04622435606661962,0.025000000000000005,-0.01878946978077848,0.008738002851716255
-0.03999256177619512,0.015441265115476435,-0.019117914706230674,0.00830028970142166
-0.04725307139327016,0.01801088459323555,-0.017059925631753486,0.0085192077345753
-0.05246166238098342,0.025,-0.01930099614772471,0.008832509000499601
-0.05343814602081069,0.019138582081932174,-0.003620276722441936,0.008713595721694304
-0.05614841315568415,0.025,-0.008135226863858704,0.008849766845475239
-0.053060256035995124,0.020331576477518272,-0.012059540825414687,0.008712721868645863
-0.055807545597320624,0.025,-0.015026529681069966,0.008886913644871049
-0.03923927147347708,0.00398751140877808,-0.025,0.007877852746507742
-0.04470655381017219,0.018267701092238964,-0.025,0.008315593766848471
-0.04900000000000001,0.025,-0.025,0.008715988266468034
-0.03405423514757064,0.011647706015377443,-0.024999999999999998,0.007950945649535215
-0.0411607160345735,0.008657516841578661,-0.01921284001078655,0.008172170549008916
-0.046158094999917444,0.010302210115578338,-0.025,0.008070737589682285
-0.040267539224133536,0.013194464105327215,-0.025,0.008058556388904152
-0.03708639391896748,-0.025,-0.018951158034468056,0.008614411540103617
-0.02800000000000001,-0.025,-0.025,0.008467991488169539
-0.035,-0.025,-0.025,0.008538562460847492
-0.03579121533057705,-0.005948609726512169,-0.014676177140016138,0.008193673927845991
-0.03843812090979133,-0.004748819926138216,-0.025,0.007868720082330461
-0.044915361537482046,-0.007828150651966046,-0.016716484395554888,0.00827596716736397
-0.042739757325798766,-0.01824222062888918,-0.019481062721365548,0.008420426779696366
-0.04414648362775436,-0.025,-0.018811291353621522,0.008707122295213397
-0.03319097733296873,-0.01700633726880342,-0.025,0.008126779952354191
-0.02917401229396413,-0.01419084702207629,-0.015302283595642762,0.008228331729916879
-0.03458244371260379,-0.008788171683489672,-0.025,0.007902064966514103
-0.0374856668715258,-0.015302461174029657,-0.014632204519186929,0.008350287986009132
-0.03968219320251007,-0.020070365931795342,-0.025,0.00832787482683097
-0.05906894417658978,0.025,-0.019880946929001504,0.008961152894825679
-0.05555665458673434,0.016184755310871303,-0.017527595660477378,0.008596655192239667
-0.055999999999999994,0.024999999999999998,-0.024999999999999998,0.008836475401721696
-0.05206762199579511,-0.025,-0.018764137125788005,0.008827919620958323
-0.04597470473862396,-0.0034518901822428658,-0.025,0.007957417846902718
-0.05070259284931768,-0.001340413695431844,-0.015835117129194016,0.008342634535920577
-0.06652066319446746,-0.02139406320379432,0.025,0.008875013634507949
-0.06465745787135313,-0.01686857623057063,0.01867335914160671,0.008796580019356353
-0.06999999999999999,-0.017950333342256094,0.025,0.00880226681515518
-0.06443594408124187,-0.025,0.020261188882722415,0.009078909133282742
-0.07,-0.014100756424282412,0.019193518991554775,0.008851023387483597
-0.07,-0.020299392961056664,0.020207169195506032,0.009016188808216074
-0.06284106467822578,-0.025,0.013500515239900859,0.00902591112910448
-0.07,-0.025,0.025,0.009160691661969348
-0.07,-0.025000000000000005,0.01766552214532575,0.009217417335304293
-0.06542690732816168,-0.020258550693059933,0.009136475152966858,0.008978326942230738
-0.06085381465632335,-0.015517101386119869,0.008899119884308419,0.008799296773118517
-0.07,-0.011363155146099202,0.01012650221938878,0.00895274113167624
-0.06281136688317124,-0.004712606276296481,0.007863084032995814,0.008745333126534041
-0.06239271356994047,-0.017596443272155142,6.586906809094415E-4,0.008878951981355835
-0.06264530591515713,-0.025,0.004508784129632803,0.008963006450502305
-0.05583784076081605,-0.025,-0.012898056656612804,0.00887358692453617
-0.05524278749704308,-0.01499184794154702,-0.016716484395554888,0.00857889092584742
-0.061149817392072835,-0.025,-0.005184135100079153,0.008936068459410949
-0.06159627854801953,0.01757441461248611,0.004617573600406194,0.008862419770435868
-0.06282997936880025,0.025,-0.003744268956594167,0.008962390253509311
-0.07,0.010194890681449423,0.009783055280430067,0.008947482698397818
-0.07,0.025,-3.122502256758253E-17,0.009126778041622985
-0.07,0.01736146963721285,0.004047230241475148,0.0090600909629726
-0.059935699061717196,0.020587051262668486,-0.015889659132336077,0.008839314419142225
-0.06327174419893676,0.024999999999999998,-0.013299124136710989,0.009027792742849546
-0.06480607247566844,0.025,-0.020425351581532178,0.009079169048461563
-0.07,-4.5367241700864855E-4,0.006447069890576834,0.008930371633910764
-0.06305296148482631,0.0013656824137018005,3.944493991322905E-4,0.008783747942058575
-0.05881775053349178,-0.01629414560685108,-0.008028896857322724,0.008771920459514864
-0.063,0.024999999999999994,-0.024999999999999994,0.008986525298684284
-0.05930381000577109,0.019067216558218615,-0.025,0.008603062124157134
-0.05134866869483394,0.017519402954407452,-0.025,0.008383667121638877
-0.04950663062097114,0.009412078339587147,-0.019541900091234382,0.00829404156463118
-0.048336159935618905,0.003788455942763169,-0.025,0.008004122621726721
-0.05558474204338704,0.009556046903359332,-0.02500000000000001,0.008212703289109715
-0.05496028906735782,-7.315642319750196E-4,-0.025,0.008098584023987242
-0.06021857666575549,0.014709405058552791,-0.009378963177061645,0.008770825697150788
-0.062066605826917934,0.013831884566144861,-0.01723932380725581,0.008685273858795101
-0.06512336300040333,0.019977612595793892,-0.025,0.008772827333103757
-0.07,0.025,-0.025,0.009158175613341217
-0.07,0.021533609602103647,-0.02085412833342403,0.009062861267797562
-0.07,0.025,-0.017661296834583725,0.009216521627108776
-0.06444437806954119,0.0135712505100836,-0.025,0.00850622354015634
-0.041999999999999996,-0.025,-0.025,0.008615045252248571
-0.04166041753808327,-0.011894855223617967,-0.024999999999999998,0.008049796415656585
-0.04947562708612939,-0.013626605852465034,-0.01948106272136555,0.00838544857727021
-0.04585702793039925,-0.01861284348154485,-0.024999999999999998,0.008342314004127514
-0.048999999999999995,-0.024999999999999998,-0.024999999999999998,0.008723653132752304
-0.059449116946944124,-0.025,-0.019623364816184916,0.0089682397661162
-0.06052015692706915,0.0031183240099545953,-0.014766776401241442,0.008572299605085355
-0.05315393272317132,-0.010839136378947047,-0.025000000000000005,0.008187705529789742
-0.058794852055060715,-0.010019400166979352,-0.020858242197777443,0.008438847592416528
-0.052661411343397566,-0.0208392226773403,-0.025,0.008553684204308049
-0.056000000000000015,-0.024999999999999998,-0.024999999999999998,0.00884642850399673
-0.06234691661307835,-0.005046952392411687,-0.025,0.008278974132891383
-0.059092972828913425,-0.019076214505300164,-0.024999999999999998,0.008593478393378717
-0.06262139374852155,-0.01664922293613832,-0.014139437174231904,0.008816196594629648
-0.06395393788687323,-0.025,-0.014186756056445135,0.009053600192866936
-0.06374730598437482,-0.013184172919168256,-0.025,0.008479272247904866
-0.06506350976343536,-0.025,-0.020265311188974046,0.009091054948653525
-0.07,-0.019374247917667925,0.01352513277320646,0.00905976913871696
-0.07,-0.018070495855815147,0.005266172927572931,0.009067568343551956
-0.07000000000000002,-0.025,0.009373830421625297,0.009166070696401428
-0.07,-0.010192886544310283,4.438504021081549E-4,0.008995765337316528
-0.07000000000000002,-0.025000000000000005,-6.938893903907228E-18,0.009127230166396329
-0.07,-0.01808507105299461,-0.0041946100320150725,0.009067208589028347
-0.07,-0.01830659793072963,-0.011562389952908925,0.009048410552267525
-0.07000000000000002,-0.025,-0.00937383042162531,0.009165327549743016
-0.07,0.0077390420399685925,-0.0017054110362774919,0.008979060346013935
-0.057401949421092696,0.010574719175518747,9.613341966612602E-5,0.008706272187620722
-0.07000000000000002,0.025000000000000005,-0.009369245655791076,0.009170960623167404
-0.07,0.016656451579430485,-0.006167781193027411,0.009048457151497016
-0.07,0.017472281327292352,-0.016865029087361094,0.008982939552277006
-0.07,-0.0017769622690076408,-0.006370291404991195,0.008928912061705676
-0.056105922969652625,0.0031850372444122495,-0.005658171092312253,0.008610508635066754
-0.058167706457569406,-0.00671450525788031,-0.002882703782929988,0.008692630755171744
-0.07,-0.010130697154630513,-0.009303278090756333,0.00894636974350969
-0.060696301082586376,-0.007808206316717395,-0.012483635846924713,0.00865080452242666
-0.07,-0.012180278321086771,-0.015597564253995312,0.008886121898589021
-0.07,-0.004708931255640914,-0.016534302902739648,0.008767977476694031
-0.06274151277183944,0.005172681935815493,-0.024999999999999998,0.008295346684780103
-0.07,0.0063700744888245,-0.014204467256326757,0.00884113467375406
-0.07000000000000002,0.017950333452918382,-0.025,0.008798903808146574
-0.07000000000000002,0.009686684429816468,-0.025000000000000005,0.008542127947372122
-0.06300000000000003,-0.025,-0.025,0.008984643947869336
-0.06999999999999999,-0.009686684429816442,-0.024999999999999998,0.008543629159671324
-0.06999999999999999,6.830473686658678E-18,-0.025,0.008451062648189967
-0.06552761138298682,-0.02072675000155918,-0.025000000000000005,0.008816839721567493
-0.07,-0.01781512457178643,-0.019099062889188768,0.008954137750355976
-0.07,-0.025000000000000005,-0.017665522145325758,0.009214835652347604
-0.07,-0.017950333452918382,-0.025,0.008791713107110964
-0.07,-0.025,-0.025,0.009157438791612951
0.04289783318629564,-0.012806937604828416,0.010655916498882895,0.008418181146782356
0.05463793243263979,-0.006817691668311295,0.00894888318591831,0.00857453433812149
0.02677520926123184,0.015294970624498817,0.012512274404530949,0.008258519247292519
0.05471170417464971,0.009091154165844353,0.0049112699604781564,0.008623538610629252
0.04149525549915763,0.013395269613348236,0.005849089366489869,0.008448683095999165
0.050446226299844,0.007837954945841063,-0.003794365019760921,0.008541920690436243
0.03320673035030154,0.014667720925766096,0.007808210253016806,0.008351207440941472
0.047201372874236404,-0.006231692204177948,0.004010838405044928,0.008474818881819642
0.03928335110460014,-0.01179099432734505,0.002131195773751638,0.008408577751867189
0.03248524349083727,0.005589941248997634,0.012500000000000002,0.008185023714413075
0.03244254220307118,-0.009385031629900278,0.009368392390050839,0.008259495156351835
0.020098172585711917,-0.015004907215456515,0.011623021950094537,0.008212068079550773
0.055040593771590936,-0.0022897676310640177,-0.00710223362816338,0.008575253694618605
0.04711086702725044,-0.01257518172242991,-0.012185098132992823,0.00846256871311405
0.012819247583579945,0.008352140920304908,0.009387528042127126,0.008108909129023232
0.010637295760362656,-0.003178944327874171,0.007254859014601902,0.008092204367822218
0.03910279163274125,0.0022775998060356006,-7.94342192699373E-4,0.008351534082239105
0.03715446263125503,-0.010084994865732418,-0.006128637667386364,0.008349253955003497
0.02766434894491179,-0.005457670559933621,-0.0013671226460051824,0.008232427713270249
0.03392429960492404,0.005908047027739097,-0.012499999999999999,0.008199990807770386
0.017321396574082066,0.0018563570222371215,7.696073340945818E-4,0.008152051440141415
0.01747076032719057,0.01129692607404941,-0.0049905752902943525,0.008198525850032768
0.021013449210529164,-0.010022417127439601,-0.0085871144573959,0.008176489159803867
0.016180296924615326,-0.007233575048712459,0.0012180993011844906,0.008170355611852441
0.00221534726056199,0.011340414963300462,0.00831704371262616,0.008130771160900703
0.022728328022066254,0.011668031390814324,-0.012582897757508158,0.008165554345355434
0.005896140116095036,-0.011507107204027546,-0.0012585000141773094,0.008167491970328341
0.006777173633682028,0.009318808725188194,-0.0012073298190287643,0.008149245052506433
0.00861330152368344,0.009646217341424703,-0.009815355065572389,0.008100618983709517
0.002643192597817641,-5.127740982066062E-4,9.340768676921743E-5,0.008102778470851975
-0.003967037077103158,0.012029917979639782,-7.442061738212591E-4,0.00816983305323511
0.01462939105005601,4.950347447617625E-4,-0.009644984834277356,0.008077011871335209
-0.006976923127626641,0.009187266216953404,0.009288155659083015,0.008098023495053333
-0.009451704689620682,-0.015146317260156996,0.0120229021205853,0.008163690306064177
-0.004023243542093024,-0.010364123120767553,-0.006570633963102907,0.008131275839583962
-0.010587926947498646,-0.014930930862316437,-0.012876206818174767,0.008155362540370992
-0.008427262366602017,-0.00974026593238879,-8.135878841669572E-4,0.008156194789274636
-0.001953397873367978,0.013454791248551298,-0.01182853000521265,0.008125093686963944
-0.011821704288691693,0.0018339762467586456,-8.50482471536271E-4,0.008124057405595428
-0.012941502278105359,0.009570377449247302,-0.00926531913061844,0.008126706811730876
-0.01766864160526827,0.010268071585947405,0.005295700275531416,0.008183221782081434
-0.023499652680215186,0.012401354709979853,-0.0019789265381540033,0.008255148185122362
-0.0277695361570037,0.0125,0.006054273222369808,0.008277123005700137
-0.02100272174675167,-0.012036731254016626,0.014140575009173793,0.008140985290198976
-0.015287154574382485,-0.011420704388178935,0.001916585147907716,0.00819681914597367
-0.017502768636789817,-0.004335352410397166,0.008205087146619995,0.008111520890425257
-0.021129843748536468,0,0.001258048549784808,0.008169955200849748
-0.02416012595337997,0.006052709419959706,-0.009969456173312014,0.00814774782445399
-0.029620393927805435,0.013789344264281815,-0.009493703809386031,0.008290471979582709
-0.03750820015222456,0.01635648014530681,-0.009513669938195263,0.008413465313229496
-0.03118879599408587,0.001119928115909917,0.007875994813363521,0.008213020863976479
-0.03150821404101265,0.007539344264281817,-0.0025008321208895325,0.008285171384442193
-0.041813624883137265,0.011529613552283253,0.011764170587538652,0.008374682362198379
-0.03411074159539843,-0.009471199985216722,0.009650224912074215,0.00827326274819436
-0.027460656793855696,-0.010612593319356345,0.0029902287572326873,0.008265264977849693
-0.030023662509615103,-0.0021317196876636697,-3.28628656517355E-4,0.008249732295675567
-0.046977388609521394,-0.013278905433864686,0.009731297774523601,0.008501636849452968
-0.03410521670798587,-0.010691962338027853,-0.006647819982287742,0.008318974917789334
-0.042059722744626,0.013446473137185947,-0.013717741230359305,0.00838184802026986
-0.04267311193963944,0.002012069825985293,0.002651417160118726,0.00839944876988237
-0.05368309703666662,0.005036970349798867,0.008179401398649403,0.008547214545384884
-0.044738722081220365,-0.008724176774892982,6.11782552777538E-4,0.008462801860741631
-0.04385616149897513,-0.00462641687828854,-0.007862189657377498,0.008377535812043311
-0.05562273376634248,-0.008971540135584313,0.009279098175414793,0.00860730272342566
-0.052115014390566365,-0.014125309749938654,0.0018116824930627942,0.00863681444862547
-0.051019119336096194,-0.01161752938028782,-0.00972768840571402,0.008547989860152792
-0.04932401718203694,0.009218889418177292,-0.012601608395814732,0.008444824200543068
