X,Y,Z,Bz[T]
-0.07,-0.021517044086710423,-0.021151273413563633,0.008073852804853288
-0.07,-0.025,-0.01781689542352706,0.008228128696374333
-0.07,-0.025,-0.025,0.008194709520216486
-0.06514070046497314,-0.025,-0.020274373799668677,0.008190456803496138
-0.06259311059714433,-0.020260587957405977,-0.01803612426800468,0.007980168934746835
-0.06409890695073636,-0.025000000000000005,-0.014249583640447826,0.00814794083226503
-0.05949598899224386,-0.025,-0.01957043656969526,0.008141783014398973
-0.049000000000000016,-0.025,-0.025,0.008020134040702788
-0.042,-0.024999999999999998,-0.024999999999999998,0.00796527227120882
-0.04650942111049906,-0.018955681174709256,-0.024999999999999998,0.007684971062727369
-0.04537262439952855,-0.02500000000000001,-0.01880943213609527,0.00802634386642411
-0.05255475973349459,-0.025,-0.018980771953846357,0.008078639926463687
-0.049717767530166525,-0.01744583599034239,-0.018018253262958,0.007782564074543419
-0.055946978733113856,-0.019798052338477496,-0.016976138727528463,0.00790653281215339
-0.05686728843699512,-0.025,-0.012904537232314703,0.008070868886243622
-0.07,-0.018095471161639495,-0.01726702803831768,0.007998370056365986
-0.07,-0.025,-0.009539165050439252,0.008169904835670256
-0.07000000000000002,0.02500000000000001,-0.017816907214687473,0.008227609209237588
-0.06481945427801342,0.025,-0.020507513616883515,0.008183612264135333
-0.07,0.020138299391403148,-0.017624589323271333,0.008054020910334019
-0.07,0.025,-0.025,0.008192260871892424
-0.06447706727637152,0.020916760353428116,-0.017191490272470095,0.008022334138663881
-0.05564735629631132,0.025000000000000005,-0.015098239806631952,0.008071972840046661
-0.05617449673416236,0.020118407753553027,-0.018047471214934902,0.007915626584868793
-0.059041983098736955,0.025,-0.019906116564019506,0.008129565564677184
-0.05238633718862404,0.025,-0.01937265755599111,0.00807565967817723
-0.05472652312508869,-0.017659215255036283,-0.025,0.007688253131862404
-0.056000000000000015,-0.024999999999999998,-0.024999999999999998,0.008068194255950272
-0.063,-0.025,-0.025,0.008127165423447479
-0.06308933673750602,-0.019346911649040552,-0.025,0.007827703837150075
-0.07,-0.01707034821214158,-0.025000000000000005,0.007783121195220509
-0.06300894063636238,0.019626375855522835,-0.024999999999999998,0.007844052518512177
-0.07000000000000002,0.01707034821214149,-0.025000000000000005,0.007790915633056635
-0.06498132813985034,0.016153581859623775,-0.020861142436939352,0.007823322820831147
-0.063,0.024999999999999998,-0.024999999999999998,0.008132576555503998
-0.056,0.025,-0.025,0.008068432433635695
-0.05428171765158055,0.018192482773984955,-0.025,0.007698819090734511
-0.04899999999999998,0.024999999999999998,-0.024999999999999998,0.008016386091322564
-0.046245491945377165,0.025,-0.018826728529025276,0.00803869925723344
-0.04695097967667376,0.017068439515588903,-0.025,0.00760775138852473
-0.04232796171769165,0.0214669692103585,-0.020740184969369496,0.007853319338274226
-0.03932179993400822,0.018720572429904624,-0.025,0.007628297015692287
-0.041999999999999996,0.02500000000000001,-0.02500000000000001,0.007980805170960004
-0.007000000000000022,-0.02500000000000001,-0.02500000000000001,0.007874105767764013
-0.014,-0.025000000000000005,-0.025000000000000005,0.007878753445409252
-0.010539063762845757,-0.025000000000000005,-0.01896277206550211,0.007919134296313197
-0.010395364408657275,-0.01949832376642651,-0.025,0.007579717195849396
-0.035,-0.025,-0.025,0.007940981589238238
-0.03840649163581819,-0.025,-0.018719371008236146,0.007993034152098167
-0.03860290089650566,-0.015123906642027632,-0.025000000000000005,0.0074802566498658445
-0.02800000000000001,-0.025,-0.025,0.007916305692871177
-0.03104853036975448,-0.025,-0.018398208756886893,0.007962276295479395
-0.030681931439341774,-0.01811153375190009,-0.025,0.007576768010280585
-0.023840112747135808,-0.025,-0.01884945468595467,0.007946263771692082
-0.042619744733279424,-0.016771627430396008,-0.01797932497408916,0.007719130819499315
-0.04200208351414261,-0.025,-0.012102245087849232,0.007963201787932495
-0.036095150062213796,-0.019928952648241603,-0.017719327108133995,0.0077873285508775
-0.03431960483954602,-0.025,-0.012463165604147015,0.007922574407054123
-0.030096016990742595,-0.019189991407369513,-0.016793121863342593,0.00774607240201891
-0.0622169462916869,-0.01085138484438658,-0.025,0.0075262375001485925
-0.06015296144962051,-0.015103874757846723,-0.015429571852861044,0.007839648668165312
-0.06226357280256683,0.011448870937967844,-0.02500000000000001,0.007532747550155446
-0.07,0.006519224376057148,-0.025000000000000005,0.007495845130150879
-0.07,0.008579708375683793,-0.01826173201495769,0.007755555720555757
-0.060811376469520756,-0.01990739195915473,-0.010899486279857066,0.007978835228701632
-0.061061934144883916,-0.025,-0.005436518640997978,0.008041554011471249
-0.06116303204163248,4.6720893607254954E-4,-0.025,0.007382567017675179
-0.04863193404228541,-0.006475607870444504,-0.02500000000000001,0.007308415967499626
-0.05034285158536392,-0.010011395711171154,-0.01611063355930652,0.007649091097326713
-0.05966077604918004,0.015177299586518605,-0.0163541992827489,0.00782367386168709
-0.0509576987935035,0.013274403899235787,-0.019582689404934458,0.007646151986482648
-0.052223287414537675,0.008563931375344024,-0.025,0.007381548148117566
-0.04896571665532,-0.025,-0.012290517447573703,0.007999191493124171
-0.046995296832709595,-0.01946306587507557,-0.011180813502935979,0.007858384847773434
-0.053284960946862144,-0.019105832027026762,-0.010967954856400149,0.007896994516015676
-0.05340021788433036,-0.025,-0.0071350047375524795,0.007989932656342982
-0.04628339143377487,-0.025,-0.004203449591012756,0.007921662021186692
-0.04900607543335297,0.017765982843836008,-0.014286574640881379,0.007823803736995467
-0.04265592343538331,0.01793393842071699,-0.01648036993873898,0.007773968230185443
-0.0445165791497787,0.0128079111968767,-0.018398217305201914,0.0076268791820526686
-0.05009262004205528,0.005879628414413558,-0.018666828601896265,0.007538538834586994
-0.06329828824228148,0.025,-0.013171817729636222,0.008128633546137569
-0.040767991590629306,0.00695948232697139,-0.025000000000000005,0.007287684533418734
-0.03630577143741365,0.01810189399759797,-0.018674165236596582,0.007716741876340792
-0.03830318626735475,-0.025,-0.005973352764314783,0.007885318116629491
-0.04206928110650619,-0.018286122418874874,-0.00878759411620077,0.007810629505060345
-0.04049073093384083,-0.025,1.7788623681851828E-4,0.007874900407804773
-0.06999999999999999,-0.006519224376057317,-0.024999999999999994,0.007495035179379605
-0.07,-0.009928289921481863,-0.017671454376404043,0.007796849237782479
-0.07,4.1529634075221367E-4,-0.01733048561473829,0.007721668649657253
-0.07,-0.015296594365353746,-0.007419738363005944,0.008006508738631846
-0.07,-0.025000000000000005,-5.193328406205566E-17,0.008121454472852964
-0.05511219907927679,-0.018684127563556214,-0.003660539968750388,0.007911481234772115
-0.05403530720283843,-0.025,1.785790509160716E-4,0.007966595043309302
-0.06225281996787522,-0.025,0.00445851494297194,0.008049573437702032
-0.058348479176004234,-0.01930700983444702,0.004149951031242192,0.007946394539973487
-0.05610190588562134,-0.025,0.008495572158797572,0.008025891650374602
-0.03921000562672757,0.025000000000000005,-0.018752212957762394,0.007989732913063834
-0.07,0.014315151574681495,-0.014502963127745933,0.007930785465310406
-0.06244748857349295,0.02043200283617224,-0.012613759880781755,0.008002582164681686
-0.05674524312183716,0.02013398699814071,-0.011354181551464603,0.00794643630146202
-0.0644936496039959,-0.020488929474206354,0.010494434011422752,0.008027036698817509
-0.06281940659563698,-0.025,0.013667377002866262,0.00812868542047078
-0.07000000000000002,0.025,-0.009539178011882712,0.008175933744717
-0.022607326180033582,0.02500000000000001,-0.013250687779305204,0.0078861523470498
-0.025345353895343856,0.025,-0.018848057353721012,0.0079372994744891
-0.018065281999426024,0.025,-0.01806335079937897,0.007917020868984662
-0.023415900216425534,0.018277718993449432,-0.01622397394161161,0.007705484864656245
-0.02842567858954893,0.025,-0.012723587791353205,0.007904266250048253
-0.03243652141847775,0.01928132035718743,-0.013251506116430362,0.007774198969621903
-0.029860835826919594,0.0181898064955237,-0.017449069589104096,0.007706405675811885
-0.031831883081139906,0.025,-0.01889870101208445,0.007959910821785151
-0.03608353271028168,0.025,-0.012419068060412021,0.007931349735236059
-0.03180325579816114,0.024999999999999998,-0.007478614923019168,0.007868102166718863
-0.04336595505887471,0.025,-0.01219604098851347,0.007964382479464426
-0.05592230039133961,0.025,-0.008111970747004463,0.008016993728246139
-0.05018908514319194,0.025000000000000005,-0.013067530259243443,0.008011969278299993
-0.04791134786836132,0.025,-0.005488106534787032,0.007942098551175716
-0.06999999999999999,-0.025,0.009539165050439167,0.008165701201800222
-0.07,-0.025,0.017816895423527,0.008223235194960658
-0.021,-0.024999999999999994,-0.024999999999999994,0.007887293441820173
-0.016821567623026154,-0.025,-0.01903578576213452,0.00791465867963448
-0.017104978629720796,-0.017207105074388294,-0.025,0.007502313798497251
-0.02371506779377092,-0.017178692852988488,-0.025,0.007509941054686844
-0.03185498076005785,0.015751625161896834,-0.025,0.00747607326888166
-0.035200930435892966,0.012129123633259315,-0.017533717043537955,0.007575643983667366
-0.02849757170159229,0.008167705408649029,-0.024999999999999998,0.0072683210515682006
-0.02424043257859082,0.017306823371006225,-0.025,0.007512020783998825
-0.027999999999999997,0.025,-0.025,0.007911685980582782
-0.03499999999999999,0.02500000000000001,-0.02500000000000001,0.007936241605870635
-0.03746771842652941,-0.005281682419831166,-0.025,0.007264609036693522
-0.017614883506322187,0.019261790145254074,-0.025,0.007587833682195513
-0.020999999999999998,0.024999999999999998,-0.024999999999999998,0.007892212453828302
-0.013999999999999995,0.025,-0.025,0.007882209674471204
-0.011079268259254422,0.021090164473966572,-0.021114153768296545,0.00773132093569081
-0.011561759946289312,0.025,-0.017228307536593088,0.00789210973852111
-0.006999999999999991,0.024999999999999998,-0.024999999999999998,0.00787272817596723
-0.00859210952720641,-0.019250707828489238,-0.017944799547858575,0.007687901908828932
-0.0074139493852627,-0.025,-0.012417570665992604,0.007854202294754954
-0.01388083782016468,-0.025,-0.012776758518662917,0.007866226958579072
-0.0037420226348877234,-0.025,-0.018252611149125908,0.007901708626866896
-1.3444106938820255E-17,-0.025,-0.025,0.007869627555038885
-0.0035195082286969166,-0.01750489876898203,-0.025,0.00749105894626458
-0.010596776572219527,0.017180328947933143,-0.025,0.007475509470779964
-0.010222050922105893,-0.01049565620361951,-0.025,0.00726389034813402
0.00699999999999998,-0.02500000000000001,-0.02500000000000001,0.007871187324586117
0.0035754269123967897,-0.025,-0.017478257117689848,0.007900168199228693
0.0037142492259314413,-0.0171449891232481,-0.025000000000000005,0.007477457992620248
0.010643146279657907,-0.01951514072297425,-0.025000000000000005,0.007591744597533771
0.011350077790326332,-0.025,-0.01703886190197635,0.007897941129780522
0.013999999999999995,-0.025,-0.025,0.007880358055411825
-0.0034275378971035247,0.025,-0.01792770498566619,0.007906057576823092
-0.025406870763567273,0.019118957124975654,-0.010333949249301236,0.007749766679025771
-0.02007340088992631,0.021638859496724717,-0.013055055551456132,0.0077903583409004405
1.3444106938820255E-17,0.025,-0.025,0.007875141959090719
-0.0034998363173302446,0.017587492050032044,-0.025,0.0075028470979775835
9.965603683172225E-4,0.020551464466691833,-0.01880351902749894,0.007723072951531149
0.0035611959948535776,0.025,-0.018475848192201216,0.007899649201957888
0.0032091997044060997,0.019406634829397872,-0.02500000000000001,0.007573490590988705
-0.004852233413996259,0.02114597364402665,-0.015832908253011944,0.007755594079596326
-0.028416774286324928,-0.011902060332994851,-0.017580601018477894,0.007541478031134194
-0.02929397138801064,-0.009191525406609162,-0.025,0.007259344457936473
-0.019846062585265646,-0.009459659966659687,-0.02500000000000001,0.007261705963381199
-0.030884713914901364,3.097272982719515E-4,-0.025,0.007185262498159905
-0.025887114320193607,-0.025,-0.011485848123658996,0.007882238294884516
-0.015705336817892317,-0.011074488216460196,-0.01832885988584566,0.007478057667128338
-0.02212209368367986,-0.018273840542707375,-0.01693877888071658,0.007693902256751303
-0.01977699355221785,-0.025,-0.014153232218624488,0.007880735059525783
-0.030830616359520387,-0.017880064709128576,-0.010283369521210594,0.007748382798988582
-0.03102869307603137,-0.025,-0.00603703606691347,0.00784848255633835
-0.025227687424147164,-0.025,-0.004658963430061308,0.007825586502687923
-0.027018862016084364,-0.020211846085181524,-0.0031496293880815267,0.007768129302738403
-0.028305735090865942,-0.025,4.172215468023488E-4,0.00781720530162984
-0.02254770707705726,-3.9193608167477356E-4,-0.025,0.007179379164872493
-0.01773051575441969,0.010610875973797729,-0.025,0.0072866051291357765
-0.021395021196387504,0.011684042149105643,-0.013772476750489546,0.007582957304693775
-0.008849234199650856,0.01742621608009121,-0.016639047738876832,0.007652880848840094
-0.015599049208078837,0.018414666324710807,-0.01776389209359643,0.00767408185433248
-0.011077971221875968,-0.025,-0.006469970349050358,0.007802136344343079
-0.013710533380889076,-0.018340175365358556,-0.01275368622137337,0.007699763892092283
-0.01900538681313822,-0.025,-0.0072215596180854255,0.007821217482534394
-0.021196742219171994,-0.025,-4.407963160932629E-6,0.00779612736467238
-0.060161666428421655,-0.007481315732103347,-0.011064351122532857,0.00778228953404439
-0.06031528413580607,0.006292134208144861,-0.014605472509661708,0.007713315461724828
-0.07,0.007180758462230652,-0.009229702708222298,0.007903339874189274
-0.06132319261055403,0.014128079401247346,-0.00816517210004818,0.007895802279377773
-0.060769030162150586,-0.014482995755749496,-5.646141058385726E-4,0.007915222890493288
-0.0478770164938795,-8.584566152716567E-4,-0.013111170969205705,0.007619553660089526
-0.06270039827747165,0.025,-0.0037286869368494124,0.008053174315372173
-0.05301806559456066,0.017765982843836008,-0.003962500109054681,0.007882881125242791
-0.03473424100361075,-0.019009919778988173,-5.410554532036182E-4,0.007784755623149123
-0.034586796048634474,-0.025,2.8210656377879867E-4,0.007843312257813529
-0.04599116905369903,-0.016928961828770638,1.573590817463034E-4,0.00782175801856097
-0.04675197456182745,-0.025,0.004681747894813747,0.007925483536929047
-0.031457699527761174,-0.025,0.006251303837288691,0.007853113990981467
-0.03861341128440218,-0.025,0.0062762880296107285,0.007883912609791014
-0.0456617841945839,0.01600292671278943,-0.008077367569958109,0.007798693561821777
-0.03824806279428454,0.014667900662279163,-0.012096456210770956,0.007709628924293725
-0.02939282295308245,0.010725198176368715,-0.013398758213690687,0.007594235692256318
-0.05426947226779254,0.025,0.0018214205346281202,0.007969784683782564
-0.03424209121296302,0.019161643839057184,-0.004760479950863614,0.007786160859697614
-0.0452021178089579,0.020501463356394717,-0.0024727021396258506,0.007859394179521716
-0.03262270971413828,0.002544803236078869,-0.013557259266319802,0.0075304501664744524
-0.026151617133308082,-0.005692586914089613,-0.010161202036955785,0.007571245478341265
-0.062085240650351155,-0.020262127046107567,0.016331226986550883,0.007984023608544378
-0.05553825863038412,-0.025,0.0151774680387292,0.008070898860776134
-0.07,-0.018019378000603353,0.017005550228629852,0.007995567139714025
-0.06437551527187377,-0.025,0.020302860988241085,0.008182427556182901
-0.07,-0.021685146109899724,0.021071453122629147,0.008080576215311393
-0.07,-0.025,0.025,0.008191302135605493
-0.07,-0.004850809379020278,-0.0041384537866153235,0.007923882806266427
-0.07,-0.01472803933778807,0.006328799998607561,0.00800555645309472
-0.046659320750062655,-0.020488929474206354,0.00965651986679954,0.007878246892215146
-0.04934805087940425,-0.025,0.012901917024397433,0.008010246601943084
-0.04236505830903828,-0.025,0.012356151315219,0.0079625790651721
-0.04545467983237572,-0.025,0.018993847580297728,0.008024713493424535
-0.05906674395895497,-0.016185174753940774,0.011305646403407987,0.007887090329257631
-0.05095358319108703,-0.015977858948412704,0.006956888418380081,0.007840709034052717
-0.05888861731307937,-0.025,0.02006541054169291,0.008135778444214736
-0.05551653574457017,-0.021826866643982704,0.017537188144689117,0.007971920586515838
-0.05181350540857213,-0.018909069329094506,0.015173197182410577,0.007866807082341441
-0.05214583181698147,-0.025,0.019399048828419696,0.00808215466262506
-0.00798237646408178,0.025,-0.010729875854827493,0.007837049267936698
-0.0141565485191761,0.017993370339895315,-0.01014995903016834,0.007698301648266952
-0.016730901563427082,0.025,-0.00988613716130065,0.007840427124236528
-0.07,0.015336458323987265,-0.003938838106903913,0.008015252546685824
-0.06065501521405994,0.013918229161993634,7.84160193810562E-4,0.007905199724627936
-0.07,0.006389585006229465,0.0032923535778308297,0.007934057641338007
-0.06257759591017333,-0.005903263637922842,0.0025467875776655456,0.007856916991041461
-0.06476126616258848,-0.01548796227287179,0.01707416571158401,0.00787294937669266
-0.07,-0.011297675988169914,0.016970122196044615,0.0078360621313622
-0.07,-0.017070348212141543,0.02500000000000001,0.007791534954560664
-0.07,0.025,2.1033522146218786E-17,0.00812188346682591
-0.06306661895541754,0.025,0.0055059809240177995,0.008063350338107003
-0.02476264517113961,0.025,-0.005022703971589642,0.007821074733632517
-0.03944962479081571,0.025,-0.0042742964328105,0.007883183045903278
-0.044742451423331886,0.025,0.0031319632907064084,0.007910452937219838
-0.03233103861449872,0.025,-0.0012423959723147915,0.007833584408471638
-0.036778350160961176,0.025,0.004622828010196128,0.007865551733752486
0.01400000000000001,0.025,-0.025,0.007878250239548324
0.010306906198085709,0.025,-0.018951952955831512,0.00790482801814982
0.00988952057650953,0.017257205207264648,-0.025,0.007489276499969367
0.016843482801190926,0.025,-0.019035888382141028,0.007928935530740911
0.007000000000000022,0.02500000000000001,-0.02500000000000001,0.007863422052433242
0.021,0.024999999999999994,-0.024999999999999994,0.007893730707531424
0.017628809201494365,0.01753888973837662,-0.025,0.007507243708783049
0.028,-0.02500000000000001,-0.02500000000000001,0.007915750647426898
0.020999999999999998,-0.024999999999999998,-0.024999999999999998,0.00788421881012466
0.025384738246990682,-0.025,-0.018844548984990016,0.00793919782355472
0.024843250519256562,-0.017229987696707832,-0.025000000000000005,0.007511140646780696
0.035,-0.025000000000000005,-0.025000000000000005,0.007943434081850232
0.031910141135904194,-0.025,-0.01893879805281154,0.007960161328257923
0.03161179365210896,-0.019473470267059298,-0.025000000000000005,0.007634699910172571
0.018063399693430442,-0.025,-0.01801856617797195,0.0079107731488638
0.021068196880006215,-0.016940230159080118,-0.01932495977163631,0.007615565061968508
0.022643999767226936,-0.025,-0.013184059084593122,0.007890961772670067
0.01607109907624703,-0.017600157125861566,-0.021155026060252827,0.007588077189598844
0.017317023740091274,-0.0175990382892829,-0.025,0.00749230338065873
0.02193043992370497,-0.009601436009311994,-0.025,0.00726166611025299
0.0108679808797089,-0.010845723703677972,-0.025,0.007266606421394612
-7.072975249051783E-4,-0.018926771782384753,-0.01649215587383089,0.007688106968055963
-5.1841806726349304E-6,-0.025,-0.011607929304803907,0.00783863815381642
-0.005765853519796642,-0.01914351621541956,-0.010159082063870561,0.0077117289021151145
-0.003970119267215577,-0.025,-0.005968533408894788,0.007788208618421634
0.007709329325693019,-0.025,-0.010752772127611832,0.00783464721385189
0.003773843034779122,-0.020558087244359733,-0.008975739659453533,0.007734797462829744
6.544691332335557E-4,-0.009599718682995757,-0.025,0.007246906664077804
-0.013663251829084164,-4.390020123752267E-4,-0.024999999999999998,0.007155700198851932
-0.0052646226079602065,-0.011487663034045302,-0.01578517499064809,0.007516511703688161
-0.007832895216650263,0.009545065021172451,-0.025,0.007252389093842447
-0.0033935908625729594,6.041563930220262E-6,-0.025,0.007143373171163529
-0.014168868174155056,-0.005941044848882935,-0.014255629949208443,0.007485573468635944
0.00542065863373797,0.016102928933383664,-0.019679333069331686,0.00755445421674205
0.0029920002513356796,0.010869092147308398,-0.025,0.007262399293272361
0.012952551328331532,0.009052684536279235,-0.025,0.007228239541065262
0.0016864373218819031,0.004897305319005365,-0.017022341003634436,0.007401925607766183
0.006875153676047883,1.4270635726247594E-4,-0.025,0.007136724063968187
0.003385388152596973,-0.025,-0.004652737327230349,0.007782029946136869
0.010496902386017557,0.018368115277583575,-0.01509091724617098,0.007680877992266372
0.016819465750298964,0.018368115277583575,-0.016006457939547743,0.0076899340195010725
0.013861937340137737,0.011736230555167142,-0.017859683166121566,0.007492305843359225
0.007391781194596795,-0.015999011734311046,-0.015479131573283164,0.00761869410086493
0.0172463354324438,-0.017247665347530066,-0.013404954184597017,0.007675241211644212
0.012115165665011326,-0.020558087244359733,-0.008033199408822921,0.0077423582471367
0.016677461079791775,-0.025,-0.009722848803542683,0.007832741548159978
0.010634015658509448,-0.025,-0.002848871924578212,0.007778211344472757
0.008774165548991238,-0.01658770236440653,-0.005634837823488908,0.007680781995306712
0.02164408845472295,-0.021544757158492658,-0.009895828984370605,0.007786122213938681
2.171560600509187E-4,0.025,-0.0116949912736923,0.0078438613551638
0.023840112854936812,0.025,-0.018849454686120128,0.007936862100380917
0.024149968828961723,0.019258898963671188,-0.025,0.007613445554708596
0.007131867431897379,0.025000000000000005,-0.012322151326220398,0.007847795491274326
0.013758054406887862,0.025,-0.012805835036022048,0.00786429785136961
0.019776994160460193,0.025,-0.014153232712973925,0.007882985738281912
0.022058306295643926,0.019410485683014688,-0.01371343719903479,0.007740887893149277
0.0146187178867031,0.01807214226852013,-0.008585447332343113,0.007705382780568062
-0.031387231647302186,0.019619935290871433,0.003704524853358294,0.007777411984587521
-0.017975039539514587,0.018439110639970082,-0.002194063336817899,0.007720841478275266
-0.02764179882987169,0.025,0.004491320431272362,0.00782939840778286
-0.018775726101155864,0.025,4.198679126115705E-4,0.007788080004089476
-0.003402734824517903,0.025,-0.004650775563276277,0.007780755572864224
-0.004497781248784701,0.019867603623288817,-0.005156072168002734,0.00772140214369992
0.0039913217322150585,0.025,-0.0059666560848747,0.007791211330614837
5.32598451201215E-4,0.015394521836614527,-0.014100301194677633,0.007618846410757873
-0.021356630929449172,-0.016052227308803693,-0.007400916499299303,0.007692628482538544
-0.024448742099591067,-0.018765426126443396,0.002260402494407272,0.007742257350440581
-0.024569842659225932,-0.025,0.0061756792119569415,0.007831269119104057
-0.01750859043925485,0.004777878146636233,-0.00957105361559182,0.007543666775537527
-0.010255175089549179,0.0107408602416448,-0.01236914878067045,0.007564899781273987
-0.012060276702900854,-0.01680745749583246,-0.0015189494982937803,0.007689667879986357
-0.014487692060010993,-0.025,-6.925782527526306E-4,0.007778912017029076
-0.00772442784737155,-0.025,-2.054267830951511E-4,0.007770609634510198
-0.011013857107184,-0.025,0.005708814697503995,0.007792520168198564
-0.017545271785050526,-0.025,0.0058933608804074,0.007807494665272713
-0.015622888719167902,-0.018906714767448245,0.006327691519012247,0.007724090017726491
-0.0141220296882318,-0.025,0.012106091827581461,0.007853365312217633
-0.02097865557417092,-0.025,0.012150900627437407,0.007872029412516458
-0.0577564607142767,0.0031947925031147327,0.001378305213838828,0.007804917076767851
-0.05131003042811987,0.012500000000000002,0.005507158494525037,0.007805450509795103
-0.05783370464385883,0.02058186439467691,0.007085359588500386,0.007961007934004763
-0.05710713942768636,0.025000000000000005,0.011550060139203247,0.008067382723936247
-0.06139793701992512,0.01616372878935382,0.01234929864237265,0.007898874770204572
-0.06443230107615822,0.025,0.013904904514580846,0.008142863985078509
-0.030859921509981035,-0.015211440675826148,0.0071435053836999786,0.007710944563074118
-0.027997714362924916,-0.025,0.012091696092895045,0.007896865206140646
-0.03510784585283305,-0.025,0.012328831176720111,0.007923230489606602
-0.03770911474676314,-0.01875,0.00911268759500179,0.0077965711421111505
-0.04409544743430355,-0.02103117074877334,0.01961313392468398,0.007853607988096345
-0.03847151785906243,-0.025,0.018647324483395282,0.00799404476655916
-0.040785867074892186,-0.018836435714758192,0.01477671200545873,0.007797490689454718
-0.04200000000000003,-0.025,0.025,0.007973177016235677
-0.031500000000000014,-0.025,0.01871763443004669,0.007963617294347544
-0.03406130330811921,-0.021461440675826147,0.01786574240860211,0.00783055644996903
-0.02468672280720592,-0.01503249660651014,0.011412906901995272,0.007668605740877363
-0.021506762052215425,-0.01992677626859707,0.017201178540633355,0.007735733787361545
-0.02450000000000004,-0.025,0.018720048660976145,0.007943732219935594
-0.01753062242854268,-0.025,0.018627824679054848,0.00792041716658814
-0.010599946974121244,0.025,-0.0027023155641746795,0.007778904472799621
-0.012863054089965766,0.025,0.005460804373988902,0.007794334927342642
-0.00413816717572113,0.025,0.0037694804977246796,0.00777384996156305
-0.04907563504901852,0.025,0.010520266499866635,0.007986234718637861
-0.046161909679972836,0.01592058833893196,0.011072337803844721,0.007786827479863776
-0.03952794532009546,0.016494935290871433,0.006891096360426924,0.007775500687402828
-0.04181330196237261,0.025,0.010805008945072907,0.007945949571277222
-0.034208369414022534,0.025,0.010915889364924013,0.007904679493724445
-0.037873940043231295,0.020440711546901805,0.014399092783413543,0.007825772286221524
-0.029651088757175988,-0.017922881351652296,0.01708416033380894,0.0077063476278666975
-0.063089336737506,-0.019346911649040524,0.025,0.00783254178511356
-0.063,-0.025,0.025,0.008124761770835811
-0.056000000000000015,-0.024999999999999998,0.024999999999999998,0.00806599133557587
-0.04900000000000004,-0.024999999999999998,0.024999999999999998,0.008022616901608026
-0.07,-0.0014114357936508108,0.012567513870609358,0.007828175401074415
-0.062011689636304615,-0.007775596681443525,0.015750421321054822,0.0077209339562678385
-0.07,-0.0065192243760572414,0.025,0.007515026911496741
-0.05472652312508867,-0.01765921525503622,0.024999999999999998,0.007685343232541497
-0.05984414281668692,-0.01567420475625419,0.01888609999151233,0.007797410545386892
-0.046509421110499057,-0.01895568117470922,0.025,0.007678913849101427
-0.054940857472717645,-0.012307466575930813,0.017116014470973207,0.007706971476969383
0.001970168445146636,0.025,-4.063825606450064E-4,0.007764759703279867
-0.07000000000000002,0.025000000000000005,0.009539178011882733,0.00816552349403692
-0.07,0.016981216191715158,0.00944501803748278,0.008022628316386558
-0.07,0.025,0.017816907214687497,0.008221106665353325
-0.07,0.011046100409991398,0.01671879146999678,0.007816456751027613
-0.058980795852743996,0.005523991312532211,0.016917402970484993,0.007646730500957905
-0.06527910616705976,0.025,0.02016544436343278,0.008175569130305056
-0.05783982733575286,0.017178105781669395,0.01867464932118633,0.007822504788687762
-0.05974153459460036,0.025,0.019234285054894405,0.00813974823810287
-0.05289954679226147,0.025,0.018138659587417276,0.008081049227194454
-0.0622169462916869,-0.010851384844386552,0.025000000000000005,0.007520842122192207
-0.07,0.006519224376057218,0.025,0.007512736616076272
0.02800000000000001,0.025,-0.025,0.007919341275748159
0.031048514610051314,0.025,-0.01839820674526428,0.007958773825265743
0.027694066520439483,0.019410485683014688,-0.01583592421517997,0.007759262113843043
0.030751791363064957,0.01722214353777224,-0.025,0.007533289163475486
0.03500000000000002,0.024999999999999998,-0.024999999999999998,0.007941255296058264
0.042,-0.025000000000000005,-0.025000000000000005,0.007971390661015937
0.03924477112990944,-0.025000000000000005,-0.018807665676266294,0.008003687450472525
0.03817774221161724,-0.01760461659265518,-0.025000000000000005,0.007577928092085996
0.046378668394247195,-0.016963965902697466,-0.02500000000000001,0.007604401355183371
0.042,0.024999999999999998,-0.024999999999999998,0.007976363779822996
0.04899999999999998,0.024999999999999998,-0.024999999999999998,0.008015036144545245
0.04537233992652526,0.025,-0.018808645312243147,0.008032100463736945
0.04445643720201595,0.019530558812125717,-0.025,0.007710105766401987
0.052554924685645016,0.025000000000000005,-0.018980713041699914,0.008075785086639649
0.05028462004211512,0.019543233375872965,-0.017327475250391185,0.007859281758256037
0.048999999999999995,-0.025,-0.025,0.008013042952832916
0.053894710936981276,-0.0175629336037885,-0.025,0.007674781507207392
0.052544601935547705,-0.025000000000000005,-0.01940900962086133,0.008090959883738398
0.05600000000000001,-0.025,-0.025,0.008062300334419521
0.0592181563969665,-0.025,-0.019974920890308688,0.008135232116768608
0.038400414737128935,0.025,-0.018725189054177395,0.007988453786470003
0.03797103143973719,0.01813029803709465,-0.025,0.007602468502203727
0.023926594856312745,0.010867860427915904,-0.025000000000000005,0.007310588388955743
0.017578056390768183,3.0604633034073125E-4,-0.025,0.007155756821353725
0.034680088598852354,0.018361732005667604,-0.017036222102173367,0.0077370190930032825
0.028537008844569906,-0.025,-0.012692280107686107,0.00790103541248821
0.029008300657685046,-0.018050667004248563,-0.017555417376025267,0.007698264839791469
0.03194689290365834,-0.010978735955189223,-0.025,0.007331044114844561
0.024882475471655296,-0.025,-0.005043184789594401,0.007824544686869293
0.026253935907893145,-0.010390232321641308,-0.015976779622901963,0.007536408735745227
0.026610715829654123,-0.018089514316985314,-0.010068809165198525,0.007734235280159495
0.03137043163288297,-0.02154475715849266,-0.011249687404085905,0.007822443273822336
0.036130147436111815,-0.025000000000000005,-0.012430565642973283,0.007934153819343462
0.03197682706928466,-0.025,-0.007436455523916861,0.007862630670299494
0.0359139599656385,-0.018177151571669423,-0.017918878494479273,0.007729104870029186
0.046239634713662534,-0.025,-0.01886906057200074,0.008035443215471822
0.05230891102095882,-0.020088465022791466,-0.01718191496920833,0.007891975935484645
0.05570150466567671,-0.025000000000000005,-0.01520050699013397,0.008074218135468115
0.050104564748494784,-0.025,-0.013115429187774523,0.008015094239056521
0.04326812627387324,-0.01985766466954605,-0.015742310840653216,0.007840939217820237
0.04338401935362514,-0.025000000000000005,-0.01228804863349102,0.007966616566977875
0.04515649347843734,0.020612049689353384,-0.014322851719743486,0.007870026562134999
0.04134720199871878,0.016224099378706763,-0.016355229780627912,0.007719780054085412
0.04235146998418356,0.011776448842362945,-0.025,0.0074034927503231745
0.03293109921498808,0.010946928022670416,-0.025,0.007348900723553062
0.028876042920030046,0.001247161012401292,-0.025,0.007182539028720272
-0.0019843276886980787,-0.025,-4.1523194854510906E-4,0.007768789196626364
-0.0035298373665490824,-0.0198466727592875,0.003155503332388009,0.007717318228021807
-0.0037622472082428637,-0.025,0.005833751470740455,0.00778720984875217
0.00419820434593602,-0.025,0.0038102380283978506,0.007777545692987035
0.013323298522336486,-0.004020704175422097,-0.017037667007977892,0.007394241461095204
2.4200699769160044E-4,-0.015211430925919494,-0.006012109259943864,0.007655655422992971
0.00246834168408128,-0.005422861851838986,-0.011608986571342619,0.007509021645861156
-0.003983593286081303,0.0023561115782480464,-0.011389208892213837,0.007492281039421138
0.004686427288879498,-0.017448339328732947,0.0025861491031589864,0.007685057909038548
0.01301970279042887,-0.025,0.005834260363128348,0.007797098926851011
0.007223741596734366,0.017394284537040255,-0.004590711565081818,0.007689718117181873
0.005126703673379671,0.02084206574372419,0.0010096872610930506,0.007727958200162421
0.02433961843082766,0.01382097136602938,-0.013273641685095653,0.007627077592896454
0.017834354103765947,0.006215255903069633,-0.010719366332243128,0.007542561938703389
0.013996693033887748,-0.019747206532301265,1.6280743009698957E-4,0.0077256428242405955
0.018961132694509757,-0.025,4.281874861306531E-4,0.007791788428993501
0.017742009741295528,-0.016650472621452403,-0.0044265427112213105,0.007696307762577264
0.007645372928385373,-0.025,0.011435499127241372,0.007835339877198972
0.0035978927832215762,0.025,0.0056548683390805765,0.00778851875704404
0.007681017687131964,0.025,-1.3674112289476306E-4,0.0077701202002849815
0.01106458932859225,0.025,-0.006480377443195127,0.007800017585125824
0.0190053932102958,0.025,-0.007221609969841038,0.007820370089602466
0.025887152443973185,0.025,-0.011485848125757649,0.00787887877036358
0.022198777196219138,0.018314004135676965,-0.006108376301235345,0.007729639266524216
0.03431906143072053,0.025,-0.012462256421291958,0.007921631672573643
0.028569566175574917,0.018555866002833803,-0.009582842740164308,0.007751865182091808
0.031028721759071273,0.025,-0.0060369740587363045,0.007854709562845535
0.04197586491811256,0.025,-0.012095836685053617,0.007952570026765082
0.048965784958155886,0.025000000000000005,-0.012290473658859057,0.00800329853034361
0.014486745490386557,0.025,-6.924506708151923E-4,0.007781838103544417
0.01592347336076824,0.018249533794169173,6.481717288326505E-4,0.007713679588510618
0.025227684119728578,0.025,-0.0046589598103042515,0.007823543925493405
0.021196670003702484,0.025,-4.390115000188141E-6,0.00779719694284381
0.010985336731149889,0.025,0.005721193413661944,0.007793492006832746
0.017553269690243217,0.025,0.00591548756926754,0.007809342798597729
-0.02184999048957518,0.013369935290871432,0.0073806932327976395,0.00765314600081253
-0.02775094374127708,0.025,0.01312100207252894,0.00789415042006466
-0.03077224566071272,0.014153552179908636,0.008911960407087274,0.007685700134970044
-0.02058181508654309,0.025,0.010437854715813032,0.007858886717196627
-5.237292105229282E-4,0.020390969739959817,0.006593057643780711,0.007728730770810347
-0.009043101223928157,0.019310093535452825,0.004902488972367835,0.007715665649476831
-0.013480606443194636,0.025,0.013003842885712658,0.007860913124672573
-0.016919185692793902,0.01875,0.008273897751188466,0.0077257876888466685
6.323104743911623E-4,-0.025,0.011434074749860345,0.007837965130440104
-0.006822787774804523,-0.025,0.01205466331003076,0.007851674503456894
-0.0072361855169046805,-0.019801978961631883,0.009753055548757826,0.007726640146878354
-0.01367712474085086,-0.020487890599221962,0.016816035635493397,0.00774353275873051
-0.010602392398919708,-0.025,0.018360042742291187,0.00790722298610568
-0.014000000000000026,-0.025,0.025,0.00788444712462383
-0.0032459127375798064,-0.025,0.01801029897254334,0.007904062902498617
-0.007000000000000022,-0.02500000000000001,0.02500000000000001,0.007874662177000284
-0.006584186572053103,-0.019919011774704544,0.016915519726803406,0.007714234383804276
-0.05279587403985023,0.015346241386992483,0.015253579247262521,0.007789508225870721
-0.04928688756034242,0.02017312069349624,0.01679009147924206,0.007879081279957165
-0.03500000000000002,-0.024999999999999998,0.024999999999999998,0.007942162452613467
-0.021000000000000033,-0.025000000000000005,0.025000000000000005,0.007896756359196238
-0.03860290089650565,-0.015123906642027611,0.025,0.0074918735329040555
-0.04537984081826246,-0.012242920999123717,0.016101559118708562,0.007658632852348867
-0.028000000000000025,-0.025,0.025,0.007913596317243532
-0.023715067793770965,-0.017178692852988453,0.025,0.007507706783941115
-0.017104978629720786,-0.017207105074388267,0.024999999999999998,0.007502586019576142
-0.01851352410443081,-0.014853552537194134,0.015682308420290562,0.007612355880753948
-0.03068193143934178,-0.01811153375190004,0.025,0.007577300917749311
-0.007301527711518194,0.025,0.011423615742091199,0.007839435185682175
-5.537778092654239E-4,0.025,0.011235567675143904,0.007843810252360616
-0.028881295574961757,0.017095788212247214,0.016392089302700287,0.007685773139473518
-0.05428171765158059,0.018192482773984966,0.025000000000000005,0.007703421909750623
-0.05222328741453769,0.008563931375344086,0.025000000000000005,0.007386567782755474
-0.04577790108083461,0.025,0.018326603711221592,0.008033978211949537
-0.048999999999999995,0.025,0.025,0.008015805797874734
-0.03835729085791842,0.025,0.01795546836931195,0.007987923802351386
-0.042785858475796495,0.015596935124155121,0.01768469015520973,0.00768778638655911
-0.031765818665344836,0.025,0.018600907945364398,0.007952056051918415
-0.0360787169936023,0.01660999002886931,0.017848736465516993,0.00767827358845325
-0.028440647787480882,0.021047894106123614,0.020696044651350148,0.007774059906202592
-0.02385109519063955,0.025,0.018414491811492982,0.007933806399799006
-0.03480217751435194,-0.010845762703304588,0.015448272006641735,0.007585649894685109
-0.037467718426529475,-0.005281682419831159,0.025,0.007264153623723632
-0.029293971388010667,-0.009191525406609176,0.025,0.007276861441875986
-0.02505410303873328,-0.007441270659155945,0.016517853465055632,0.007474782399279327
-0.06116303204163248,4.672089360725634E-4,0.025000000000000005,0.007375955787940046
-0.047961591705487965,1.8822150730236918E-6,0.017116014470973207,0.007525598952135058
-0.048631934042285385,-0.006475607870444426,0.025,0.007310892210469503
-0.07000000000000003,0.017070348212141526,0.025000000000000005,0.007799077164336762
-0.07,0.025,0.025,0.008191666146224815
-0.06300894063636238,0.01962637585552275,0.024999999999999998,0.007835561711133964
-0.062263572802566815,0.01144887093796787,0.025,0.007528218480118504
-0.063,0.024999999999999998,0.024999999999999998,0.008122237253784378
-0.05599999999999999,0.024999999999999998,0.024999999999999998,0.008062316731920894
0.04351758946158731,-0.008861317356368394,-0.025,0.007352087776715701
0.037725584053284134,0.005283885464117517,-0.025,0.007253683314075378
0.03831166258765339,0.011723464011335208,-0.015674237459082457,0.007618457410993792
0.056000000000000015,0.024999999999999998,-0.024999999999999998,0.00806000405223735
0.052336404836851744,0.01567293350349184,-0.025,0.007586513416042837
0.048065995507355797,0.002362948817032355,-0.024999999999999998,0.007286434705161775
0.0506322495909837,-0.01348405904554384,-0.017730667080525064,0.007692937906222552
0.052182327546162255,-0.009038054447149835,-0.025000000000000005,0.007393983903399742
0.05616224561869449,0.01874480976451224,-0.018019913646309043,0.007871607890746774
0.05949588537874881,0.025,-0.019570448413020136,0.008132830060460191
0.05235427312459145,0.018747404882256118,-0.012380819061274858,0.007879272840642406
0.05686743418184553,0.025,-0.01290456420725571,0.00806724095889003
0.063,0.025,-0.025,0.008124478573123156
0.06290962388594577,0.018630210689029966,-0.025,0.007792922293054513
0.048014315398585215,0.01408646675174592,-0.015674237459082457,0.007722254114851343
0.05340037530065811,0.025,-0.007134974034316443,0.007990055225171043
0.06300000000000001,-0.025,-0.025,0.008129790956403565
0.06298797981684665,-0.019649865649101483,-0.025,0.007840946842480023
0.06488702325437119,-0.024999999999999998,-0.020514598561536094,0.008181175092700424
0.07,-0.025,-0.025,0.008192160846577716
0.061010611514278675,-0.018223771785711412,-0.019015576658962405,0.007881207241167714
0.06330686696822165,-0.025000000000000005,-0.013378324479886745,0.008129429208179434
0.062424932451150446,-0.011999609034128292,-0.025,0.007552573591065773
0.05981181742344663,-0.01622115540798428,-0.013652399861630337,0.007873814729527246
0.06514070102228411,0.025,-0.020274374241368562,0.008187117734771435
0.038295260158748644,0.018361732005667604,-0.010812497293693168,0.0077886944373157475
0.028305693104293702,0.025,4.172268143158124E-4,0.007820599872667896
0.029778836505735175,0.018555866002833803,-0.003631305270127577,0.007759331860914068
0.03454212709458042,0.025,3.038739574944341E-4,0.007842443148198368
0.03827885772984389,0.025,-0.005950757128303879,0.007880672646606239
0.048372164231423556,0.018733390601959967,-0.006541040289998933,0.00786001934552048
0.04628346831722338,0.025,-0.004203536984000078,0.007919175409113462
0.02890224270119513,0.0026419427320587587,-0.012394050657217383,0.00753116842349045
0.037956697693462146,-0.0022477503906446067,-0.025000000000000005,0.007234924415139696
0.03425017707765184,-0.0072796955264951635,-0.015973370801265336,0.0075216279498295305
0.029136145385222578,-0.018089514316985314,-0.001301290754561106,0.0077502553837509374
0.027694858878363843,-0.025,0.0043509777366817146,0.007826883759150171
0.0322526210829675,-0.025,-0.0015130678343904698,0.007836595266583021
0.03918244864711752,-0.020236611384217514,-0.009348337224824928,0.007830174084072562
0.039398275502383326,-0.025,-0.004539865547149184,0.00787919827916162
0.034581984385953383,-0.01819837209739927,-0.00553319400487153,0.007775330823086995
0.05600508746124319,-0.025000000000000005,-0.008122111746462142,0.008014763084868157
0.0554454591244817,-0.01750207609419511,-0.009291722953756132,0.007888717730350856
0.04787049906949424,-0.025,-0.0057447838319111735,0.007939960043025728
0.049251374330238976,-0.01924202952277192,-0.01173772545621812,0.007867930961738446
0.03628936369021256,0.0025050372495137967,-0.01582550854099221,0.007505166313846008
0.039609889211423256,-0.01875,9.022322912755039E-4,0.007805684441509092
0.04453370568782625,-0.025,0.003001310681447683,0.007907572563616617
0.07,0.025,-0.025,0.008186880830596623
0.07,0.02157780774732273,-0.021285889320142387,0.008073435979031738
0.04044562498587946,0.025,2.1715540035989814E-4,0.007876673015479344
0.03860160150479386,0.025,0.00627491329700096,0.007887094274671257
0.03444618694698534,0.019746163977868124,0.0023587382876924918,0.0077949340601121886
0.03681634717039242,-0.025,0.004374953931763698,0.007871707343814326
0.007012007707335913,0.025,0.012089024266199795,0.007852602625980103
0.0035106326143152303,-0.017134630546895582,0.009257684840686932,0.007672847519667227
0.020618325083285132,-0.025,0.010396402668872526,0.007848694594379042
0.013501371815000482,-0.025,0.012990277583628168,0.007867236034012045
0.012346700509476515,-0.01842356102419277,0.0087281725562594,0.007704968031428219
0.0027711795386152903,0.0152172730368271,0.01274001884742859,0.007619422508396236
0.010937109674600367,0.016270496465565033,0.008428750015237785,0.007671873328576343
0.014112382238268092,0.025,0.012121876312044672,0.007859871328281434
0.020138523572632325,0.01890589512655017,0.009148517595080823,0.007730656153343407
0.02419229722669991,0.0125,3.1456274994052244E-4,0.007671591981522714
0.02034861321619563,-0.0125,0.005304150677218879,0.007651001117253464
0.026921305969145434,-0.01836968398879728,0.009751526537645577,0.00774405057175288
0.03433499241709147,-0.025,0.010903548749071693,0.007912185728423542
0.02780147198031603,-0.025,0.013144387093808763,0.007905656980418577
0.010138602448328385,-0.025,0.018234318955814878,0.007911317760651938
0.00841932918276338,-0.019934585079104013,0.016392231896509735,0.007723216282667689
0.0037267514670648594,-0.025,0.017987301579807824,0.00789793649127309
0.017525394153219295,-0.025,0.018431019434795817,0.00791587767882602
0.024597227968246132,0.025,0.006188472526885879,0.007829304323049908
0.0314336335548694,0.025,0.006257295865145602,0.007859273381004736
0.02097008277547473,0.025,0.012157145899005593,0.007879054182578723
0.027997714362924947,0.025,0.012091696092913495,0.007889708420057115
-0.017499999999999988,0.025,0.01861754468211274,0.007915013928870177
-0.01874849443881777,0.01490341168550312,0.01555497039328195,0.007603855181818029
-0.014404098511392465,0.01995170584275156,0.016976563463581507,0.00772387437142973
-0.01005970258396716,0.025,0.018398156533881063,0.007905667873029373
-0.00710981922553775,0.018011266255293132,0.016860792801701368,0.007659329433111315
0.00699999999999998,-0.02500000000000001,0.02500000000000001,0.007876239340580328
0.010643146279657886,-0.019515140722974222,0.025000000000000005,0.007593146736185593
0.01399999999999997,-0.025,0.025,0.007881202004905385
-4.910966346918094E-4,-0.014894014361345555,0.01632656770558783,0.007576827205976019
0.0037142492259314465,-0.017144989123248064,0.025,0.00748121549212741
-2.7972416050126014E-17,-0.02500000000000001,0.02500000000000001,0.007864234929433615
-0.0035195082286969114,-0.017504898768981987,0.025,0.007493672050447204
-0.010395364408657282,-0.01949832376642648,0.025000000000000005,0.007590943353369073
-0.0099224604065264,-0.014838023549409083,0.015820740481063474,0.007594810237919741
-0.010222050922105921,-0.01049565620361946,0.025,0.007268579396619865
-0.01984606258526566,-0.009459659966659595,0.025,0.0072630579071491135
-0.010020147236129798,-0.0064695010061876,0.015959172541836382,0.0074498984680004855
0.02873507030184509,0.01493882900280068,0.007143782393671299,0.007701292968410735
-0.04076799159062933,0.006959482326971453,0.025,0.007288318129295538
-0.03324505053033959,0.0034797411634857264,0.0128115709267904,0.00754629584727739
-0.04695097967667379,0.017068439515588937,0.025,0.007608733061516298
-0.039321799934008236,0.018720572429904648,0.02500000000000001,0.007636540108176387
-0.01366325182908416,-4.390020123751989E-4,0.025,0.00714760499530415
-0.019692680649567012,-2.195010061875995E-4,0.0128115709267904,0.007488239145591854
-0.030884713914901375,3.097272982720001E-4,0.025000000000000005,0.007205064101502268
-0.028497571701592322,0.008167705408649063,0.024999999999999998,0.007256043941761138
-0.03275249303685216,0.010110941546834505,0.018146247381705803,0.007517373941399606
-0.02599677248457868,0.009191576424494422,0.014183270660036176,0.007554811926135605
-0.022547707077057232,-3.9193608167471805E-4,0.025,0.0071608384660926325
-0.003674912693228019,0.025,0.018166615210120786,0.007901998831794831
0.0013277186821671876,0.02061861956102293,0.01851831231691754,0.0077244822319034265
0.0032739323172932544,0.025,0.018046072336004693,0.007894994467256299
-0.031854980760057834,0.015751625161896862,0.025,0.007473903839435608
-0.024240432578590824,0.01730682337100624,0.025,0.007516313818499498
-0.013999999999999981,0.025,0.025,0.007884722009592915
-0.017614883506322187,0.019261790145254074,0.025,0.007592832808393618
-0.041999999999999996,0.025,0.025,0.007973068729721634
-0.035,0.025000000000000005,0.025000000000000005,0.00793055571953865
-0.028,0.02500000000000001,0.02500000000000001,0.007912232104337074
-0.01773051575441969,0.01061087597379775,0.025,0.007279915561800453
-0.010544725757847482,0.011022532510586262,0.01555497039328195,0.007520433314687423
-0.006999999999999991,0.024999999999999998,0.024999999999999998,0.007868585176112884
-0.020999999999999998,0.024999999999999998,0.024999999999999998,0.007894923972981398
0.04446308823205606,-0.004430658678184197,-0.012800556575638099,0.007613420568717402
0.06308112280934725,0.01863358051654811,-0.017746090955455283,0.007928581019870713
0.06212456122586962,0.009983391246439155,-0.025,0.0074940290180750095
0.058661120156152685,0.011483315250403463,-0.01711856597992704,0.007722704503486203
0.06141108650801658,-0.0020583543005621777,-0.025,0.007377527712521546
0.05295362199602678,0.005163103525239037,-0.012721376848663046,0.007674990972099096
0.06999999999999999,0.017214938245563027,-0.025,0.007798544354538353
0.05928473045293719,-0.006238791771032829,-0.016803673494909962,0.007653397781721735
0.06409889046050019,0.025000000000000005,-0.014249596983306755,0.008148842181625794
0.05741457187761834,0.01499584781160979,-0.009118228501836344,0.007867436651592159
0.05403524316391149,0.025,1.7836676478222985E-4,0.007967025512942958
0.061062569641039455,0.025,-0.005435900428034589,0.008043852629556347
0.06370728593880917,0.019997923905804897,-0.009328696776157813,0.008006538643574836
0.05417534186930721,-0.025,0.0016812804742774856,0.007971683148168617
0.05491326766368269,0.015934385858707347,-0.0017038523601133181,0.007878449716241529
0.06999999999999999,-0.00663684760086875,-0.024999999999999998,0.007515319959111905
0.07,-0.017214938245563083,-0.025000000000000005,0.007803172229471686
0.07,-0.02003189346133715,-0.017636495930460093,0.008049274146254866
0.07,-0.025000000000000005,-0.01781690721464096,0.008229503337882872
0.07000000000000002,-0.025,-0.009539178011831597,0.008164004695976354
0.06272272956224086,-0.017283508044208723,-0.006518036212786248,0.007957381590763694
0.06260299159686711,-0.025,-0.0036444650322935636,0.008050022309441737
0.07,-0.01294849437850704,-0.014086204110811119,0.007917395907826811
0.06015364254906476,-0.014259782110948341,-2.9268358692903127E-4,0.007904112809003598
0.06312494568460217,-0.025,0.0054785334473450124,0.008063858609900889
0.07,-0.025000000000000005,-5.551115123125783E-17,0.00812134872062778
0.07,0.025000000000000005,-0.01781689542356351,0.008227199860322615
0.07,0.018522351268583974,-0.01747226826460152,0.008001407018097937
0.043665500771025906,0.016872923905804905,0.004600198775049729,0.0078072541143355
0.046750272419651184,0.025,0.004681773085447882,0.007927229898233272
0.03745874033910127,0.014492327955736253,-0.001539819289760619,0.007742650345884167
0.04236528703731807,0.025,0.012356068130104668,0.007967113138819365
0.03510201464917631,0.025,0.012318025143473216,0.007924645064891338
0.03989227001167596,0.019157059979251906,0.011362202892540736,0.007812545863612295
0.04650669664636166,0.02093646195290245,0.008751403747679394,0.007883553687780685
0.04934789252169741,0.025,0.012902608720309058,0.00801507999128467
0.05241196344974703,0.016872923905804905,0.005710523781609708,0.007867483960805338
0.05127853690075941,-0.01337989105547417,-0.001431586468070861,0.007820848664781754
0.04085320135420711,-0.016997341994398642,0.008066503314778617,0.007786738555817066
0.04172249967959481,-0.025,0.010830892832758081,0.007948158293359537
0.048901509435308924,-0.025,0.010497664701209941,0.007988677465510397
0.04793387373128966,-0.017502076094195098,0.007174932372116802,0.007839800948228644
0.05715157418007322,-0.025,0.011517495554210323,0.008055728563268218
0.04549901146614994,-0.020122341994398642,0.012864219519745836,0.007863653564911704
0.045515287040890286,-0.025,0.01826210525220156,0.008023782264571394
0.03847055434096733,-0.025,0.017994129793407664,0.007980576417554874
0.056094526862236094,0.025,0.00849556331012092,0.008023764191501926
0.03327784337699027,0.01737765800560136,0.013973002037402076,0.007730153045133274
0.010671829086599628,0.025,0.01853265988522304,0.00789887971676351
0.006330350057562395,0.016237239122045864,0.018870009423714293,0.007574357320065726
0.017447401151775635,0.025,0.018601814839149085,0.00792071065569279
0.014222300741794947,0.020689040693800936,0.021040892844555573,0.0077172213075773245
0.034508909733068194,-0.016807183988797283,0.012491150437963653,0.007733530316501805
0.03174833294891411,-0.025,0.01859589972532493,0.007963089446874965
0.023784802959340313,-0.024999999999999998,0.01840610496040803,0.007932691489102745
0.02799999999999999,-0.02500000000000001,0.02500000000000001,0.007913521631684605
0.028948043004420568,-0.01836968398879728,0.016873987531967186,0.007720034725602256
0.03161179365210898,-0.019473470267059284,0.025,0.0076321638481173
0.024500000000000022,0.025,0.018720048660979823,0.007940091042855472
0.02760683895602588,0.0183944181699708,0.016733957441307658,0.007713626344826742
0.014444601483589881,0.01637808138760187,0.017081785689111142,0.007623744562819334
0.0131119068984619,-0.014869170158208028,0.014797162213211642,0.007607037140650099
0.02099999999999999,-0.02500000000000001,0.02500000000000001,0.007892562077965624
0.02183657360657316,-0.01836968398879728,0.01679154738670263,0.007697797720492502
0.01086798087970892,-0.010845723703677965,0.024999999999999998,0.007275645572169374
0.0248432505192566,-0.01722998769670781,0.025,0.007516439134254537
0.017317023740091274,-0.0175990382892829,0.025,0.007510681547047303
0.00320919970440604,0.019406634829397827,0.025,0.007563808094860256
0.009889520576509499,0.017257205207264627,0.025,0.007476212786700931
0.0029920002513356726,0.010869092147308398,0.025,0.007260176724289488
-0.00248474247371777,0.011511019061843144,0.019195506714328694,0.0074478995388675
0.035,-0.025,0.025,0.007942309015207216
0.031500000000000014,0.025,0.018717634430050402,0.00796392507327908
0.03847137686386841,0.025,0.01864732411845043,0.007986072557766745
-0.010596776572219534,0.017180328947933143,0.025,0.007488008989632067
-0.0034998363173302065,0.017587492050032086,0.025,0.007494090068664362
-0.00783289521665025,0.00954506502117252,0.025,0.007228086532666575
-0.0033935908625729767,6.0415639302341395E-6,0.025,0.007132371428300145
-0.001469648630105334,0.005434546073654199,0.013391013428657382,0.0074815882824732045
0.006875153676047886,1.4270635726254532E-4,0.025,0.007141865928448075
-0.0014005226693636634,-0.0046939742439849165,0.014675092985246883,0.007454898027465963
0.0115354508002209,0.005434546073654199,0.012605949342782618,0.007497126803716129
6.544691332335505E-4,-0.009599718682995681,0.025000000000000005,0.007241044509853284
0.012722441981923321,-0.004738340316416053,0.01660404684279512,0.007424781156324192
0.045454839441247744,0.025,0.01899411527312516,0.008029280840266193
0.0420792089051649,0.017882941213391436,0.018054150047751016,0.007747645662698315
0.02800000000000001,0.025,0.025,0.007914243673189644
2.7972416050126014E-17,0.02500000000000001,0.02500000000000001,0.007872585633316666
0.007000000000000022,0.02500000000000001,0.02500000000000001,0.00786540168936475
0.01400000000000001,0.025,0.025,0.007878668838855102
0.07,0.006274437054607569,-0.016433390967978627,0.007763899345023931
0.06999999999999999,0.0066368476008686235,-0.024999999999999998,0.00748748758880709
0.06315088052551192,0.010606780106052297,-0.008902842132379908,0.007860545609647409
0.07,-6.913739318589671E-4,-0.010478592523905055,0.007852861425027863
0.058417840722880796,3.867161199859032E-4,-0.008156754628089301,0.007763522427230431
0.062442915393860106,-0.008848653104093523,-0.006524341297073866,0.007853927990861412
0.07,0.025,-0.009539165050479283,0.008166718571767735
0.06147292834906903,0.016827907425202335,-0.001148137290586126,0.007949141299469933
0.07,0.012319934077589738,-0.005920191730637226,0.007975813169155497
0.06033156042547129,0.02003126381747627,0.009014300744627106,0.00797543083242804
0.062267576939069064,0.025,0.004443762323891452,0.008049945443257643
0.06281519179154804,0.025,0.013651420890735039,0.008127737596295327
0.055538651651899786,0.025,0.01517440978224835,0.008072980230675927
0.07,0.025,2.1033522146218786E-17,0.008122334877204158
0.060177839687015934,-0.014780420317027509,0.00806674994211998,0.007893395503089541
0.06443434501988138,-0.025,0.013900392986091525,0.008142271459472775
0.06508891984350798,-0.01989021015851376,0.008802963976975756,0.008021895188117441
0.07000000000000002,-0.025000000000000005,0.009539178011831531,0.008166925827589544
0.07,-0.017064939994222338,-0.0037443494718163647,0.008036361139535467
0.07,-0.007693154019796833,-0.0025873484330976096,0.007945032547990578
0.05770429350126241,-0.0035195642218966822,0.0030590978584355013,0.007795462189078351
0.07,-0.007039128443793364,0.0067193088681472,0.007918500939905433
0.07,-0.01568439899294992,0.004462619581736337,0.008018084004868028
0.04864877413792102,0.01894043255959817,0.01710821902677576,0.007836046401665884
0.05214579578848165,0.025,0.019399143854052538,0.008077356280800033
0.05521833937067714,0.019997923905804904,0.016162288005800503,0.007926998024474403
0.058883558322149365,0.025,0.02006442497435259,0.008134630811214896
0.06151298464582344,0.020158642646058496,0.016881932587988518,0.007972483822381362
0.06437398632928887,0.025,0.020302827365871592,0.00818307880033685
0.041999999999999996,-0.02500000000000001,0.02500000000000001,0.007966678368502057
0.04209651349699096,-0.015244683988797284,0.01523077433828173,0.007711150122039275
0.038177742211617204,-0.017604616592655088,0.024999999999999998,0.007589543711232647
0.052797999075761284,-0.025,0.01810345127966286,0.008091191932915322
0.05206602042525718,-0.017502076094195098,0.014726002671224392,0.00784156874367057
0.05973705276255769,-0.025000000000000005,0.019231324658900262,0.008134396701924682
0.03797103143973721,0.01813029803709467,0.025,0.007604865358359641
0.060202036824967116,-0.015301058523106679,0.016426183471168993,0.007828992427048645
0.0652799005412594,-0.025,0.02016356609307901,0.008176882293758757
0.063,-0.024999999999999998,0.024999999999999998,0.008128008293818564
0.0629879798168466,-0.019649865649101476,0.025,0.00783955934962595
0.056,-0.025,0.025,0.008063527528741787
0.048999999999999995,-0.02500000000000001,0.02500000000000001,0.008007020433552833
0.04637866839424715,-0.01696396590269747,0.025,0.007612969216397934
0.05389471093698126,-0.01756293360378849,0.024999999999999994,0.007677591847757772
0.03293109921498815,0.010946928022670409,0.025,0.007326478698694255
0.030713677912051745,0.011788836339941601,0.014747866221635491,0.007596699412695782
0.030751791363065016,0.017222143537772253,0.025,0.007538268157948507
0.03870357836908205,0.010765882426782867,0.017114184822376876,0.007573247386473821
0.012952551328331532,0.009052684536279235,0.025,0.007244349858948242
0.02100000000000002,0.024999999999999998,0.024999999999999998,0.007892307751210238
0.017628809201494365,0.01753888973837664,0.025,0.007511080892997953
0.024149968828961758,0.01925889896367121,0.025,0.0076058830890108516
0.03194689290365843,-0.010978735955189126,0.024999999999999998,0.007343455056771559
0.026147753059927028,-0.011739367977594563,0.015152075338609438,0.007571418001288362
0.02392659485631277,0.010867860427915925,0.024999999999999998,0.0073086517656101024
0.022723777455021434,0.012811790253100334,0.012381547620894107,0.007619695017984671
0.021930439923705077,-0.009601436009311855,0.025,0.007273239277860566
0.024477472134568135,6.235805062006668E-4,0.012605949342782618,0.007506632068213075
0.017578056390768183,3.060463303407937E-4,0.025,0.007160361721724544
0.03795669769346219,-0.0022477503906445442,0.025,0.0072135364131326015
0.02887604292003015,0.0012471610124013335,0.025,0.007187451664951742
0.03867773995309162,-0.005489367977594564,0.0121994434243619,0.007594830004259836
0.049000000000000016,0.025,0.025,0.008011963799517345
0.0444564372020161,0.019530558812125842,0.025,0.007699137990302928
0.04200000000000002,0.025,0.025,0.007977301740515705
0.03500000000000002,0.024999999999999998,0.024999999999999998,0.007940808120484203
0.0423514699841836,0.011776448842363015,0.025,0.0074054667910757035
0.03772558405328415,0.005283885464117552,0.025,0.00726217721835632
0.06066702088737654,-0.005602117046213354,0.013621042283437723,0.007731273279111857
0.07,0.0030461096113685096,0.0033974004773560315,0.007922231514791673
0.06137811028881257,0.009270577706353528,0.005065784403680017,0.007859280984912316
0.07,0.01567298434491428,0.007083969874681885,0.008012781107828411
0.07,0.025,0.009539165050479323,0.008172383911199997
0.06501915378472863,0.01710822521993404,0.015555751679551871,0.007933480054573266
0.06999999999999999,0.024999999999999998,0.01781689542356351,0.008219919015437973
0.07,0.010299925255144136,0.016915025275666747,0.007820034662175443
0.07,0.018073213706313464,0.016663162798397656,0.00799835866671929
0.07,-0.025,0.025,0.008187874186562296
0.07,-0.017214938245563045,0.02500000000000001,0.007806607483236361
0.07000000000000002,-0.025,0.017816907214640916,0.008227272167547633
0.07,-0.013769655723669935,0.01379633698704899,0.007927101427411378
0.07,-0.001200081904036511,0.015893530504089523,0.007753637435969788
0.05644965861087502,0.006125140714773938,0.013416805591417157,0.007693197920278625
0.07,0.021865902002273785,0.021130371490128128,0.008086157919211473
0.07,0.025,0.025,0.00819134237942956
0.07000000000000002,0.017214938245563062,0.02500000000000001,0.0078013741879798554
0.052336404836851716,0.015672933503491873,0.025,0.007591871878013758
0.04806593057575765,0.014995847811609805,0.012277755777233284,0.007779255292727132
0.06290962388594579,0.01863021068902998,0.025,0.007793668895504886
0.05599999999999999,0.025,0.025,0.008061340384470168
0.06300000000000003,0.025,0.025,0.008129904304187058
0.04806599550735581,0.002362948817032383,0.025,0.007293491709448051
0.052974450830179744,-0.0020231794119650714,0.018599721712180953,0.007539573442967847
0.06212456122586962,0.009983391246439217,0.025,0.007499586206446337
0.05749331961254049,0.015106009432544353,0.013681105948916254,0.007835480173524794
0.043517589461587354,-0.008861317356368324,0.025,0.007352365752057695
0.05218232754616225,-0.009038054447149751,0.025,0.007405339225042312
0.05133404177475307,-0.010004152188390196,0.01134855406278592,0.0077292149353681665
0.062424932451150425,-0.011999609034128209,0.025,0.0075531712228291605
0.07,-0.0066368476008686755,0.025,0.007519774562148922
0.06141108650801659,-0.002058354300562129,0.025,0.007373139924902451
0.06999999999999999,0.006636847600868698,0.024999999999999994,0.007499482091571881
-0.05062222669838026,-0.014272130688754043,-0.012462684835563256,0.007777683951907479
-0.05789673500019017,-0.014819320516191664,-0.008842387582186468,0.007869013880273243
-0.03866339360549659,-0.011199597113869093,-0.011178243949669497,0.007666299433171916
-0.05095475969925239,-0.011058886860205263,-0.004928019687420498,0.007785265188281119
-0.05227769941544236,0.010730640395560515,-0.009486140803664547,0.007766399623985553
-0.042195681466644645,0.007034643777433931,-0.011484595168407458,0.007636966421142545
-0.03668050770877369,-0.005815032354564288,-9.469400946218532E-4,0.007665542101537673
-0.025242377320594738,0.0125,-0.0021997810590044234,0.007673595961326978
-0.027848093988994,-0.011630064709128576,-0.0013581370390905326,0.007675231860914761
-0.011846042277644301,0.01131754250416754,-0.0025297452132605797,0.007624250083210073
-0.010404028471141824,-0.009139900908645207,-0.0059623659863029844,0.007590577106590408
-0.05515519182034661,-0.006955717896825406,0.009232028941946415,0.007754795979120689
-0.04551292142855338,0,-5.357431501531738E-4,0.007696903038401094
-0.04031038364069321,-0.0125,0.005896544013283469,0.0077266173828264145
-0.03662630233337669,0.008611969160119456,-2.2402281132601938E-4,0.007685228448273446
-0.030262143492200896,-0.005422881351652294,0.008035706930111266,0.007600127454026401
-0.022361276845596852,-0.0018581143739581152,5.844389669976468E-4,0.007591854086608505
-0.04129396205996148,-0.0022550647091285677,0.007527954361970594,0.007648501538554751
0.032637733605379804,-0.016013239259503334,-0.011992455963712265,0.007713033069817984
0.006766465506336766,0.009788569074080508,-0.009044682007268873,0.007570869875196873
0.015479381366518337,0.011144284537040255,-0.0043650596286641755,0.0076255944377293635
0.0165228867880813,-0.008300945242904804,-0.009281272908573274,0.007567037825378715
0.011945330591939808,-0.009719950717293929,-6.900237446742373E-4,0.007613299188553345
-0.013256556299044715,0.0125,0.0061099407865638986,0.007629824762299423
-8.952047732127708E-4,0.01208945999990031,3.167964470377097E-4,0.007630300197217105
-0.005242688380214713,0.01385863651841355,0.009424979816996245,0.007626036191000041
-0.01992206957914083,-0.0125,0.006364616840581128,0.007647408603619761
-0.00593129751154634,0,0.0017820268573147642,0.007560699762416933
-0.0053773144007061464,-0.013062085989910587,0.006629867741710078,0.0076297387571312774
-0.04054559115714572,0.009390227263550337,0.011314846054926893,0.007653985199039259
0.031251979907176645,0.012111732005667604,-0.0076798373545709665,0.007670623424189998
0.030103572281042518,-0.010348505210648375,-0.00645958844233304,0.007654139038610242
0.04060489675063313,-0.013893101628491635,-0.01264437873675071,0.007706922101730606
0.043692225960318694,0.0125,-0.006348474918164908,0.007747116844169497
0.04759122431090208,-0.012359740763741156,-0.011538447635177907,0.007732249458118482
0.006794954849243181,-6.977932698279245E-4,-0.001394563631800418,0.007567176195631198
0.009150958153278831,0.0076115575738673535,0.0017806336677568724,0.0075944004915421345
0.00786682757307846,-0.0097827269631729,0.008208093685590235,0.007580534330772909
0.020078901349106122,0,2.1189868556523248E-4,0.00758876910295793
0.0178638740134604,0.008967273036827102,0.006460256046361569,0.007603292387149466
0.05488583078772021,-0.010004152188390214,-0.010461334161050122,0.0077656885428614535
0.05591727882285893,0.01125818686467329,-0.007520131995526245,0.007816261442332797
0.04872940003725796,0.008745847811609805,0.002925484253098497,0.007757726039403056
0.03274374417581547,0,-1.9460723285548252E-4,0.007633154955949966
0.03427559215619055,-0.012119683988797281,0.006290792994698374,0.00769448888247455
0.03505568675398051,0.009755316011202718,0.00922836964475375,0.007643822795298235
0.04240343125245407,-0.0125,-0.002570489349212691,0.007752363802903188
0.04540858700252482,0,-6.011131512761975E-4,0.007699350807597686
0.043703569995174794,0.001628239917007621,0.007562463838730198,0.007658929730310159
