X,Y,Z,Bz[T]
0.05,-0.021383506530284653,0.021127109368409905,0.009884756214714161
0.05000000000000001,-0.025000000000000005,0.017551626513109545,0.010220099120981844
0.05,-0.025,0.025,0.01011159365331841
0.04462521969493881,-0.025,0.020455827967677406,0.010149261270498469
0.04623763863861541,-0.021670917634299413,0.025,0.00966239235852876
0.04285714285714287,-0.025000000000000012,0.025000000000000012,0.009991904112837936
0.05000000000000001,0.025000000000000005,0.017555455364578476,0.01022773945652955
0.05000000000000001,0.019803161784348832,0.019713824982275266,0.009794993830241162
0.04291199418193384,0.025,0.013357189585817128,0.010029375018019603
0.05000000000000001,0.019039356518674822,0.01339023970936406,0.009847076964691764
0.05000000000000001,0.025000000000000005,0.009254929244988927,0.010049929381980334
0.04283302645550335,0.020522194084558996,0.01710300287776226,0.00975377271843544
0.04432322088447831,0.025,0.020051017569285706,0.010142615654707636
0.05,-0.025,-0.009250812779544287,0.010059854999521478
0.043001902977665665,-0.025,-0.005570221281604372,0.009840168358710093
0.05,-0.025,-3.469446951953614E-18,0.009936479150494103
0.05,-0.016014880562822117,-0.005635959479956076,0.009785311124506393
0.039018042540086326,-0.025,0.019687793663511546,0.010049435907505174
0.04300504970524279,-0.025000000000000005,0.012502849478123794,0.010007679388103152
0.03557066116265857,-0.025,0.01459173497856945,0.009923103277220726
0.043996711996976974,-0.019944811040085067,0.017149376840697086,0.009743858577802033
0.05,-0.016956556375267905,0.0162058076631914,0.009706971602711138
0.05,-0.025,0.00925081277954428,0.01006984451829041
0.04688363169102034,-0.018667666336769247,0.021798279824023034,0.009551497366117797
0.05,-0.017110256447582163,0.025,0.009312562798106763
0.0387088816306872,0.025,0.019746875429447065,0.010051091827561816
0.035603275954144226,0.025,0.015049710418376647,0.009932917026514066
0.036080090188991845,0.021094951597142482,0.017357859480534893,0.009693971567776329
0.05,0.025,0.025,0.010124599217308843
0.042845054205329185,0.019191531333127048,0.02500000000000001,0.009379496675741872
0.042857142857142844,0.025000000000000005,0.025000000000000005,0.010010167207572926
0.05000000000000001,0.017110256447582173,0.025000000000000005,0.00930461972753058
0.03685455847853883,-0.017993118614768638,0.018706457751804517,0.009463690333703815
0.03183604448547141,-0.025,0.018999567342011914,0.009971783235581936
0.04208485338965665,-0.01840977046888988,0.025,0.009287434266975049
0.035714285714285726,-0.02500000000000001,0.02500000000000001,0.009877896504835348
0.041871559284841896,-0.017780620627350276,7.673634392638168E-4,0.009668561139165945
0.04165357892615956,-0.025,0.0025784008321687764,0.009773055920666079
0.03623944192832418,-0.025,-0.0029934469073211456,0.009699018272463932
0.04117828659448786,-0.020190104437753337,0.007027473705664083,0.009718317293729338
0.03404606576598384,-0.024999999999999998,0.0021488220132446674,0.009661903068218118
0.03568775963099999,-0.025,0.008266520625815827,0.00977892690550613
0.03176141312628216,-0.020727673846501357,0.01445307916120394,0.009633554750466572
0.028404234112229122,-0.025000000000000005,0.011895900292929237,0.009780776527233939
0.024782037111197294,-0.025,0.01880069672633152,0.009861898765383625
0.05,-0.012819897151375513,0.006084470505528367,0.009712566171220226
0.03971212627399132,-0.015164414897766687,0.011263799990334599,0.009523515113287076
0.05,0.012079513324817645,0.018343460830431237,0.00938512305110134
0.05,0.011580615407695964,0.010783327285678691,0.009616033182031797
0.03932913939322207,0.015445186169992142,0.016480900388673107,0.009427030710908432
0.043066576931650696,0.007382293599384162,0.009903766690482319,0.009398873583081932
0.05,-0.00928647596951312,0.017071078926492747,0.00934792553023715
0.05,0.0017627846692864768,0.015342777682575795,0.009306808301047563
0.05,0.006015891602819356,0.0031977589881012174,0.009632188699446518
0.05,-0.00446871906502715,0.0076471425186743994,0.009561526698193414
0.03206910913843378,0.025,0.019440602657597346,0.009963156703593608
0.041747028420533044,0.019655364448119612,0.00843939554366632,0.009715770046611717
0.05,0.017435145022822778,0.0038023317439018003,0.00981878273194849
0.04261437969540349,0.025,0.0047020074601129,0.009813510414753812
0.03852063604595684,0.019933980038888688,-0.0012353663238780473,0.00964687080294251
0.04170775751877347,0.025,-0.003854688696008156,0.009793733523661911
0.049999999999999996,0.024999999999999998,-2.7755575615628914E-17,0.00993213263435745
0.035538540434601966,0.019971357619319823,0.00865509135871114,0.009629468092364892
0.03604069067920343,0.025,0.008373868632120453,0.009784213917608732
0.029422717708523963,0.025,0.01272169743307458,0.009819227187816169
0.029324097970066857,0.01837523730749926,0.01939213771330552,0.009365299369553397
0.04208953964352424,-0.010561241254700555,-0.0010436739536411426,0.009540849922446448
0.05,-0.006541610233168106,-0.004410115610090214,0.009624112262514115
0.040587924370246185,0.012397169710305554,8.725610647178998E-4,0.009543039742464508
0.05000000000000001,-0.020254862502593795,-0.013764935418303804,0.009903472079103536
0.05000000000000001,-0.025000000000000005,-0.01755162651310953,0.010230269066091497
0.04337297278303361,-0.024999999999999998,-0.013167641120052944,0.010043442292431422
0.05,-0.020361316916462056,-0.019356880651939926,0.009844752408219476
0.045101179598306215,-0.025,-0.020422963175800224,0.010149564434358792
0.03903834264307119,-0.017571221312818606,-0.007385219629537993,0.009611641751735562
0.03654856331810283,-0.025,-0.0094809585006886,0.009812889255266787
0.04254051017917114,-0.01965942393293525,-0.012073820315075118,0.009735023551448533
0.036118298325762466,-0.025,-0.015168996387035977,0.00994932783255318
0.03949196309187841,-0.025,-0.019721292274974364,0.010054985563324485
0.043099214285837406,-0.019776670180829903,-0.01842356067863526,0.009687138452317138
0.04479697056043066,-0.009862177493271363,-0.010093216385190161,0.009481213391724601
0.033657866124137056,-0.021953633293558348,-0.01228061826520174,0.009702801587221246
0.03123341957140531,-0.025,-0.013335504111956378,0.009851246028341648
0.030321269408402917,-0.025,-0.007291075817755488,0.009684684637062922
0.05,0.015769721828385562,-0.006283204882734995,0.009780377714364656
0.049999999999999996,0.024999999999999998,-0.009254929244988965,0.010043710495094898
0.04174436885524413,0.01622203774443958,-0.0062517156074521595,0.009624188172837132
0.042657146320669706,0.025,-0.012813747238080826,0.009999028273992508
0.03665556558185172,0.025,-0.008546601255013319,0.009788955249804426
0.03818260459851083,0.01974867001150023,-0.011641007347659788,0.009671539065114988
0.034919141759004305,0.025,-0.013995479423399612,0.009913063002806338
0.05,0.020094030889858595,-0.013766264299230349,0.009893010372266484
0.05000000000000001,0.025000000000000005,-0.0175554553645785,0.010224565721816202
0.05,0.005825391208509174,-0.008397621484979412,0.009552122069608445
0.041240870557346675,0.0070870492647481876,-0.008355890385021394,0.009399964895338817
0.0363390703694939,-0.01977161915839986,-0.016443099663610936,0.009614368775383691
0.05,-0.011844125803424865,-0.016591927661399372,0.00945780167069932
0.05,1.4453899106158657E-5,-0.015928201497033133,0.009275729730744062
0.03288636092344943,-0.025,-0.019507105758872066,0.009966792934768461
0.0410182504240331,-0.011120551970262557,0.025,0.008806145520261597
0.04999999999999999,-0.006551522544147071,0.024999999999999994,0.008759228325018327
0.025204135545322623,0.025,0.018799397429272578,0.00988116411679752
0.0357142857142857,0.025,0.025,0.009909485599777841
0.028571428571428567,0.025,0.025,0.009809269874226914
0.03379097426452745,0.01923217253700387,0.025,0.009246620564132372
0.026598211167143653,0.019986457268101054,0.025,0.009239729607512659
0.02930330460530482,0.012418094285429004,0.025,0.008701661333634326
0.05000000000000001,0.006551522544147073,0.025000000000000005,0.008790363181722759
0.041524801347655335,0.011384539348339447,0.025,0.008810270225927624
0.034691074416991347,-0.010986237229537276,0.01772512184009749,0.009123569903676944
0.030981210013593136,-0.016212056708061202,0.025,0.008961314138055725
0.02857142857142857,-0.02500000000000001,0.02500000000000001,0.009804801173913575
0.02142857142857143,-0.02500000000000001,0.02500000000000001,0.009748000610871181
0.023984509945067997,-0.020251641733342162,0.025,0.00927132626410346
0.02749063639899623,-0.021062486765823216,-0.010256898020940666,0.009578523042691313
0.023620750363236492,-0.025,-0.011372879605622208,0.009712344575196211
0.024632153619668598,-0.025,-0.004441323331274505,0.00957475457320087
0.04208953964352424,-0.001238597074758211,-0.008284719948895031,0.009366838169573599
0.017663917701988986,-0.025,0.018779231812650024,0.009830910337504817
0.0206370971914977,-0.025,0.013005259565034406,0.009738915030928086
0.024432169589117765,-0.020736621639239356,0.010820568739952314,0.00953969440793599
0.03101181333973516,-0.01640957216088617,-0.006959686094634456,0.009470036168284098
0.030003209293368194,-0.025,-0.0012866743968228279,0.00960272229640351
0.03362385055648924,-0.01783643734274692,9.949143527382992E-4,0.009540790649361867
0.029338564592760123,-0.024999999999999998,0.004936688917228909,0.009632729612765486
0.025699263900207298,-0.025,9.219771018258993E-4,0.009548088132840436
0.03168678176709293,-0.016455347693002713,0.009906590980395969,0.009469096623222666
0.026065808262161098,-0.02091963532564986,-0.0030602404860858245,0.009509719241300634
0.021231224387156942,-0.025,-5.677766637332757E-4,0.00950797821913673
0.02239852792872419,-0.024999999999999998,0.0058676553671958565,0.00958299551341674
0.023919054904686113,-0.020552752906665576,0.00325726505962622,0.009483340999019096
0.01724250697021381,-0.02048093519123664,0.01209817021862767,0.00947725640602488
0.01656554905404592,-0.025,0.008347432707079473,0.00959025917376435
0.013983442143296877,-0.025,0.012902084149451846,0.009703735988584636
0.01575631236559574,-0.025,0.0016297344460164745,0.009474176892647557
0.0192950381233444,-0.016742024078462876,0.016996070654693527,0.00925012396580766
0.02623392050719158,-0.016455347693002713,0.015173679030653814,0.009336692036718663
0.03840093882038955,-0.005760417751013347,0.010450243680194985,0.009290887227082151
0.03544133996754146,0.0012941447849869271,0.0010680421975658033,0.009342802722770537
0.03644320852030004,0.006526602324259985,0.017199788593174708,0.009034600150716778
0.03757569464789771,0.0015714868278003807,0.025,0.008491298919719703
0.031202110203222916,-3.492322407376754E-4,0.01772512184009749,0.008877877201531324
0.02800623983836388,-0.00524442260063647,0.025,0.008421185288498662
0.024003281586056274,0.005061953269537997,0.025,0.008384446405544924
0.02181464504473871,0.025,0.01212504366320133,0.009722289789831027
0.025022081246964353,0.018191410116871608,0.010368762260047357,0.009444100958476505
0.024962374695354783,0.011900457259586108,0.01650791354351007,0.00909152944850479
0.017999896367187587,0.025,0.018611327007456366,0.009834380559083724
0.020541528549356716,0.019601943452526246,0.017653655486391324,0.009419217864341517
0.010798400586030807,0.025,0.01857811083086535,0.009795033533774174
0.01333866106971081,0.019601943452526246,0.01754301218718771,0.009383445530370866
0.01444101193003038,0.025,0.012202245740143051,0.009684583830887277
0.017704996242512053,0.017999995871075754,0.010463897568285703,0.009386185951515786
0.033488737710488256,0.0166743536604936,-0.006220226332169324,0.009508698716283272
0.030784402942338224,0.025,-0.008456500157316105,0.00972240042240032
0.03449573430628315,0.025,-0.0041262933792752705,0.009679484918020736
0.027692751345426467,0.025,0.005603066839089538,0.009631158140528319
0.032049984772990064,0.016764017346897465,0.013784275426611035,0.009444912100825173
0.035618327447410766,0.025,0.0018544767653283119,0.0096761698553119
0.032359032161750304,0.016958189453255314,0.002497152430544657,0.009506789927367068
0.023188799439738877,0.020722069998556563,0.0025393157295027086,0.00947945971397263
0.029444348377859655,0.025,-0.0018951393173227346,0.009600546239991294
0.02485568337139364,0.025,-0.00764433802166411,0.009628653839260214
0.026166549868668492,0.015675519996150834,-0.002507530156075072,0.009405231899763186
0.022243335187256352,0.025,-7.917426390096158E-4,0.0095120621011034
0.021770265452722464,0.020722069998556563,-0.0040843867008741154,0.009472489888022621
0.01804215950770678,0.025,-0.006763579027607361,0.00955548556862202
0.01890060159564215,0.025,0.005858771740770718,0.009548247947679707
0.014548824397698525,0.025,-3.565583679683189E-4,0.009465986641862158
0.011001032891502928,0.025,0.0060018229199786215,0.009512182452171584
0.014285714285714284,-0.025000000000000005,0.025000000000000005,0.009700273417766319
0.017476583047141017,-0.018606903441378234,0.025,0.00904170483408634
0.02248845441217303,-0.007652697810816986,0.018821539494878615,0.00882174754275431
0.02113430777636781,-0.012139668314085611,0.024999999999999998,0.008626146639854072
0.023448472047588497,-0.02046602501795558,-0.015555034280057209,0.009517257615946496
0.029162541133527547,-0.020671796193588762,-0.017953090472419143,0.009571714566052153
0.02631455030254363,-0.025,-0.018899349317761514,0.009903005667042764
0.03571428571428572,-0.025,-0.025,0.009887653751535441
0.05,-0.025,-0.025,0.01013111134974593
0.04285714285714287,-0.025000000000000012,-0.025000000000000012,0.010008189231953441
0.05000000000000001,-0.016993379727529526,-0.025000000000000005,0.009314291894318703
0.042481455750053666,-0.01809597644962651,-0.025000000000000005,0.009275587703011233
0.046069310459731824,-0.02135305238842159,-0.025,0.009642013735455758
0.025883608470811018,0.015488968093832082,-0.010021077683925548,0.009356779230987159
0.02784482239609927,0.025,-0.01356911559946438,0.009813006301030627
0.021142449788090587,0.025,-0.01305597614198771,0.009724516791597616
0.03817804101526578,-0.004594032353686846,-0.0162166984014109,0.009073928448944708
0.018441487550156285,-0.025,-0.018765406205745003,0.009836397027111504
0.01490127524705356,-0.025,-0.012299705530600407,0.009682242638558271
0.03279662604299049,0.014993154058416273,-0.012378245562115902,0.009388622819629896
0.02858011285010501,0.02015120809575667,-0.01859849631965679,0.009514783603614943
0.031559558627256484,0.02500000000000001,-0.01966236742753756,0.009951453640428062
0.024445924581374887,0.025,-0.01918972958534409,0.009884664080324724
0.05,0.020603213512712222,-0.019707062731925844,0.009849173402936215
0.04430622076725335,0.025,-0.020204077984376775,0.010143053767981244
0.05,0.025,-0.025,0.010122136369935345
0.05,0.012136790405833299,-0.016715033855975794,0.00946538139288842
0.042857142857142844,0.025000000000000005,-0.025000000000000005,0.009997483669594659
0.04280546168236444,0.018674659239134077,-0.025,0.009319502394151124
0.03824248800521167,0.025,-0.019947235625808128,0.010039154861698119
0.042007932191211655,0.01974867001150023,-0.017469745712341517,0.00968397287738912
0.03563460112121322,0.019748670011500238,-0.01719889043392191,0.009602795875393144
0.03970964361516996,0.014497340023000465,-0.014735413440306258,0.00943038823243766
0.03676214090967022,0.0039946800460009275,-0.01665707964253169,0.009021733090767552
0.05,-0.006457288087583148,-0.025,0.008792311087305063
0.05000000000000001,0.016993379727529557,-0.025000000000000005,0.00929739163486014
0.049999999999999996,0.006457288087583199,-0.024999999999999998,0.008784546182353236
0.041042540704647086,-3.593472289853475E-4,-0.025,0.008540936052860841
0.03311443982669709,-0.016077847094229675,-0.025,0.008985959804336722
0.03959394112086133,-0.01318274475337462,-0.01577631716029011,0.009356047542365232
0.04246239585216179,-0.010521964330261178,-0.024999999999999998,0.008789464772113465
0.028571428571428564,-0.025,-0.025,0.009814641712849938
0.021428571428571436,0.025,0.025,0.00975354137699719
0.014285714285714292,0.025,0.025,0.00969700237200142
0.019526700976831676,0.015894429651496997,0.025,0.008843531454480394
0.007142857142857132,-0.025000000000000005,0.025000000000000005,0.009675243308517805
0.010399676468865237,-0.019885849239554904,0.02500000000000001,0.009144365229879686
0.010630029857511436,-0.025,0.018789219006475587,0.00978844439632257
0.014858047956351053,0.019968219758558454,-0.008205235372741959,0.009423173462032074
0.010740470834526547,0.025,-0.006341220321931873,0.00950596219843511
0.014204155641236251,0.025,-0.012796081752940149,0.009682299291051704
0.018684847534051287,0.016444139997113125,-5.244353800841204E-4,0.009357779629510229
0.01795760939898551,-0.025,-0.00526893138901665,0.009530645998480712
0.01988991476401909,-0.017740516506501828,-0.005474883753123933,0.00939241028688349
0.011754975448746818,-0.025,-0.00536460358745805,0.009500935613331799
0.012356155739497216,-0.01702870046392304,0.01881846227873324,0.009180123829800496
0.010609585287575145,-0.02022524874323392,0.012769504353459162,0.009432661852379618
0.0072155550466107,-0.025,0.012768011940372933,0.009662449540555987
0.0035714285714285726,-0.025,0.01881410425868258,0.009788989710853195
0.006540199184711526,-0.01985588785399498,0.01540994243104502,0.00939869723936634
0.01522260595789091,-0.018948570136297194,0.005459691715021719,0.00938942983140895
0.010968598004605853,-0.025,0.007125788703022324,0.009521752535837204
0.01300770107144343,-0.02100572977634906,-7.102110127718501E-4,0.009408845439103631
0.007924679282034844,-0.025,5.148914395092137E-4,0.00943904731426873
0.005601854971310344,-0.02022524874323392,0.00963611082085516,0.009407047061854643
0.003967981510767275,-0.025,0.006635297084243841,0.00949305599875581
0.020338825569444174,0.001937391175341601,0.017584330494351826,0.008777908216218117
0.007142857142857158,0.025,0.025,0.009680939282661432
0.011136398321376875,0.01702495357636176,0.025,0.008881752198341131
0.014435380183690932,0.010035848621117963,0.025,0.008485638989314846
0.0147955249708214,-9.582665128530649E-4,0.025000000000000005,0.008282410555303503
0.01120314519943408,0.017212759998075415,0.0014586593959068314,0.009332028850274095
0.007103179019667394,0.025,-1.428305428266552E-5,0.009434675781757744
0.015878921553390813,0.014203886905052487,0.01650791354351007,0.009115887838581305
0.0035714285714285934,0.025,0.018814104258682587,0.009776764913543779
0.006279673247220455,0.018051189916161985,0.017317184331385717,0.009254647453983815
0.004100663728131709,0.019236601718485624,0.025,0.009050245980941377
0.007142857142857159,0.025,0.012628208517365173,0.009654670930456652
0.010387911238059752,0.017808581625279898,0.01055903287652405,0.009332224983402087
0.007341375200100122,0.021106379999037708,0.003916336258382833,0.009400111098734044
0.0034796052007661643,0.025,0.006374013120858835,0.009492768785681529
2.0816681711721685E-17,0.025,0.012628208517365172,0.009655157339883333
-1.0433154342241735E-4,0.025,3.7631752455153517E-5,0.009425553601139055
0.013739814243012861,-0.019039535260634545,-0.010136741202307337,0.009394135858821573
0.007698893134809936,-0.025,-0.012239942494028992,0.009636175222167094
0.010971042450111757,-0.025,-0.018748931520754693,0.009804881894975774
0.007005688681995762,-0.02060024461311513,-0.016363164306115417,0.009443285430990149
0.003818652003747692,-0.025,-0.01866525118798576,0.009779969502017998
2.3058468123486608E-4,-0.025,-0.012366170216185836,0.009650291982062775
0.014664600512104366,-0.017531780241441544,-0.01534122636814289,0.009297003817933025
0.006858100853986828,0.020038716757305886,-0.00917192230372151,0.009397461796889953
0.007015302826297511,0.025,-0.012528709365462458,0.009675301296955605
0.0034120971235195308,0.025,-0.006296947580291375,0.009493644378473325
0.003512471337460259,0.01875,-0.0015316851578925862,0.009339247703115774
0,-0.025,0.025,0.009663817703893712
0.0037532037578551173,-0.018012539251921846,0.025,0.008967533430161326
-0.0035714285714285726,-0.025,0.01881410425868258,0.009790036582461224
0.010908048352634023,-0.011801989945871387,0.025,0.008550769893950755
0.01692202571992388,-0.009758575103955466,0.013078617950660678,0.00905503212333594
0.00586484332281235,-0.01471177570798996,0.018051872921717105,0.009057070705132276
0.028571428571428553,0.025000000000000005,-0.025000000000000005,0.009802517475201911
0.0357142857142857,0.025,-0.025,0.00989290712320475
0.024432761067789695,-0.01913111938435686,-0.025,0.009159232997747218
0.023509756459181897,-0.01608590813144916,-0.019980353329590424,0.009149221013150997
0.021428571428571422,-0.025,-0.025,0.009749018750276771
0.02157586083221128,0.020151208095756663,-0.01835127192989012,0.009449964833473231
0.010606724644999711,0.025,-0.0189074836493789,0.009790314066844202
0.014337201664289766,0.01849274590324627,-0.015165353482358085,0.00935130845665732
0.01755105459146902,0.025,-0.019167918648004212,0.00983854529880492
0.024382452029800127,0.01880764382419333,-0.025,0.009119576216222286
0.021428571428571422,0.02500000000000001,-0.02500000000000001,0.00975693858042148
0.0312974164549644,-0.004984105418814368,-0.025,0.008470431259205121
0.02932638109236204,-0.013531540508166047,-0.01514472160002149,0.009242062903670674
0.014285714285714284,-0.025000000000000005,-0.025000000000000005,0.009687029826401385
0.017831630676641133,-0.017650452559573943,-0.025,0.008969298047420136
0.02389576384521056,-0.010834252963754766,-0.025,0.008584106970521437
0.027142344912039998,-0.004042727406648749,-0.016585909206405326,0.008905111169013982
0.032225709067731534,0.01566839286590975,-0.025,0.008945360358493576
0.02560066707295354,0.015302416191513329,-0.017534625211776022,0.009209311436895552
0.04266903783865413,0.010608449589800277,-0.025,0.008811407069049522
0.03174501801841935,0.004395053050265323,-0.025,0.00845569670809545
0.007142857142857145,-0.025,-0.025,0.009690646365866811
0.006823754555333194,0.016507144269412515,-0.018523448513575826,0.00913234913189569
0.014751417759017924,-0.009580423665870141,-0.025,0.008486155750160438
0.01975922670216219,-0.01023801732139189,-0.014267695316621417,0.009060572595632163
0.01047492289908846,-0.016995956981267192,-0.025,0.008894521936206833
1.3660947373317356E-17,0.025,0.025,0.009679498137754226
0.003458369270127583,0.025,-0.018744280786764163,0.009774239932496969
-2.3058468123906065E-4,0.025,-0.012366170216177821,0.00963196870447955
-0.00376022797105198,0.025,-0.006109848872125061,0.00949061160558949
0.0037602279710539227,-0.025,-0.006109848872122381,0.009493902848850915
0.006836072715071684,-0.01875,-0.005770925760495472,0.009353645509693219
1.043315434490627E-4,-0.025,3.763175252275916E-5,0.009425996984393293
7.503057535443679E-4,-0.01855713858717094,-0.008387869849885871,0.009340518340892539
-0.003412097123482484,-0.025,-0.006296947580212042,0.00949724206328407
0,-0.025,0.012628208517365153,0.009645725497940488
-3.132345469362569E-4,-0.01869742547602844,0.01495674604103306,0.009325045249766307
-0.005373086017461275,-0.020091545966047952,0.017000832415354238,0.009392056221506713
-0.010798400586025957,-0.025,0.018578110830874087,0.009796193406586606
-0.007142857142857138,-0.025,0.012628208517365146,0.009658945374065243
-0.0053354612079829465,-0.01836427717434188,-0.011004813939276268,0.009339903148938613
-0.00701530282631857,-0.025,-0.012528709365453895,0.009663577479534438
0.004742394977522531,-0.016287123433155904,0.002653006089385102,0.009292863197669777
6.313948883797864E-4,-0.020643561716577954,0.0045135096051245145,0.009381974978971697
-0.0034796052007629585,-0.025,0.006374013120863926,0.009492570732905836
-0.007103179019659636,-0.025,-1.4283054257234473E-5,0.009430551010428976
-0.010798343956922325,-0.021264709061429073,0.012749553612397243,0.009484200100129028
-0.014441011930024419,-0.025,0.012202245740160642,0.009673318106292598
-0.011001032891509756,-0.025,0.0060018229199945705,0.009511624222208845
-0.0035714285714285553,0.025,0.018814104258682587,0.009770210169634967
-0.0044183833547691,0.01943861737932063,0.018435532735902448,0.00932767367484083
-0.007142857142857132,0.025000000000000005,0.025000000000000005,0.009675101963982356
-0.003540517570984506,0.01656951816797337,0.025,0.00880509220100175
-0.010630029857513025,0.025,0.0187892190064756,0.009802078696628363
-0.007215555046598529,0.025,0.012768011940380066,0.009674278717344111
0.007308620519363009,-0.005961758012029839,0.012773056638525031,0.008957891386152552
0.010615368182641778,0.006196966379965007,0.017855414296866268,0.0087656716875838
0.004394320697258546,0.007870334131928287,0.025000000000000005,0.008352922571521173
0.004639426208517263,-0.0033261616716564815,0.025,0.008273673175981515
-5.223810020285331E-4,0.013197091585265568,0.01706516450177695,0.009015854777163683
-0.0010930339565058947,0.020109213756053318,-0.016344897409368387,0.00940221490043103
-0.0038186520037444827,0.025000000000000005,-0.01866525118798552,0.009778001439026537
-0.0011844368613297,0.016984213756053315,-0.007645820770872659,0.00929196949867831
5.729375324917489E-4,0.018622898653846368,0.0075444270232206566,0.009346262896814391
-0.003967981510733989,0.025,0.006635297084217383,0.009496377592654223
-0.005947764786278485,0.019244815329510216,0.008616864885067011,0.009374025605707652
-0.007698893134804739,0.025,-0.012239942494028072,0.009658431715098895
-0.004001457813392093,0.01875,-0.0012670979109940654,0.009339673757911405
-0.010968598004610142,0.025,0.0071257887030198985,0.009541726522104036
-0.00792467928203731,0.025,5.148914395143762E-4,0.00943879718464385
-0.01175497544875026,0.025,-0.005364603587453824,0.009501689491092419
0,-0.025,-0.025,0.009679515011989845
0.002659701103333176,-0.017564653594674365,-0.02500000000000001,0.00892023959344448
0.0030403349138797657,-0.016200489226230252,-0.01397739709147614,0.009236603934409626
-0.0034583692701124283,-0.025000000000000005,-0.018744280786763035,0.009767710839685487
-0.004494511076437133,-0.018951399094995464,-0.018002406969638132,0.009301799804795462
-0.010606724645034336,-0.025,-0.018907483649411784,0.009797062627805015
-0.0036535609448913207,-0.019538521015649055,-0.024999999999999998,0.009054554536392232
-0.007142857142857138,-0.025,-0.025,0.009691254550135153
0.006427573157945086,-0.008397542368607177,-0.016609463089428445,0.00887090376111557
-0.007501694753945412,0.018625179758782247,-0.01773371061669081,0.009285787914426625
-0.009112103858441353,0.01858067592428947,-0.009967360230564798,0.009360097550746635
-0.013983442143298098,0.025,0.01290208414945106,0.009688615094344924
-0.014416182011921951,0.021474959074174727,0.017212145934209746,0.009520851127782004
-0.017663917701990745,0.025,0.01877923181265001,0.009833962768128698
-0.014285714285714277,0.025,0.025,0.009725438420983416
-0.011174942189791138,0.01816036630648849,0.025,0.008981444541677524
-0.014002897214252954,-0.020284755975822175,0.01823706653656183,0.009424489447658597
-0.017999896367178,-0.025,0.01861132700746622,0.009839664956692404
-0.014285714285714292,-0.025,0.025,0.009723077103453754
-0.004297503462835318,-0.017653831634412,0.025000000000000005,0.008913176074730602
-7.62016939493024E-4,-0.012402009681615572,0.017591203471427466,0.008952964547548863
-0.007142857142857145,-0.025,0.025,0.00968041087547816
-0.011569650488369705,-0.02049775415358946,0.025,0.009188626250452393
-0.007899006837859466,-0.019185816531372354,0.020430742848852042,0.0092543902297629
-0.008085385896338948,0.008538051732213163,0.025,0.008416344452749495
-7.694042522072373E-4,-0.009641208171490136,0.025000000000000005,0.008428591755842523
-0.01828647149443512,-0.019733700058511838,0.025,0.009146682090035177
-0.021814645044724218,-0.025,0.012125043663233264,0.009744097537696967
-0.020767010959654112,-0.018358939217485944,0.020282631225651288,0.009276821752287246
-0.02520413554531034,-0.025,0.01879939742926639,0.009881862229124289
-0.01420415564128662,-0.025,-0.012796081752941967,0.009691506272927133
-0.01273486680009673,-0.019749403138211385,-0.01731008197387614,0.009389250456031454
-0.017551054591424878,-0.025,-0.01916791864802915,0.009834446043607161
-0.014285714285714277,-0.025000000000000005,-0.025000000000000005,0.0097050262859822
-0.021428571428571436,-0.025,0.025,0.00975297010964542
-0.010971042450111445,0.025,-0.01874893152075486,0.009791656624841674
0.020105610537031512,2.1713054472809884E-4,-0.025,0.008328772989627337
0.02305898499510778,0.005446856055234081,-0.013327579814978684,0.009010408386242947
0.013497183159911911,-0.0019768870598942025,-0.01117918992507603,0.008995923535598725
0.022587378288356698,0.009745758068467641,-0.025,0.008520116211322518
0.014470247687343282,0.011985491806492539,-0.017534625211776022,0.008974479858625333
0.013095566784957465,0.004872879034233821,-0.012494162825439976,0.008974036704664064
0.009783000311652783,-0.002301956904921007,-0.025,0.008291887892857546
0.007142857142857131,0.025,-0.025,0.009673784773174975
0,0.025,-0.025,0.009684639846849995
0.0033434045262122625,0.017936855024213258,-0.025,0.008933031249145846
-0.007142857142857145,0.025,-0.025,0.009685871531428645
0.014285714285714277,0.025000000000000005,-0.025000000000000005,0.009696102414191592
0.017335464185376414,0.01707470082802237,-0.025,0.008923264886134551
0.009964870296511009,0.009034544095868166,-0.025,0.008408718304503732
0.002942838423950054,0.0032729021010484746,-0.012494162825439976,0.008915142876870508
0.010527941599804875,0.019183918687047323,-0.025,0.009070515229456452
-0.004006144430257843,0.018516653434237453,-0.025,0.008995836322642342
-0.010780810384768608,0.020426848153158997,-0.025000000000000005,0.009188357739516406
-7.935860702699572E-4,0.01217004311083951,-0.025,0.008578242800246307
-0.004032347057779379,0.01225035951756449,-0.01671848971262676,0.008980510375105836
0.004825486189238725,-0.009532490220250602,-0.025000000000000005,0.008427446039462804
-0.002432908430086766,8.288798416889523E-4,-0.025,0.008245037720594282
-0.011064821995410905,0.011822703697157884,-0.025,0.00856220604259325
-0.004546771337467294,-0.019203007787173012,-0.0023621721569257854,0.009351474492435282
-0.01074047083448769,-0.025,-0.006341220321916863,0.00950763616209722
-0.012541756404326521,-0.01833176870803422,-0.009610721174811479,0.009366240874098573
-0.01804215950771483,-0.025,-0.006763579027606393,0.009563239097900094
-0.021142449788063858,-0.025,-0.013055976142027685,0.009735895113158593
-0.024445924581346673,-0.025,-0.019189729585353248,0.009878298272440725
-0.01834485994652033,-0.02103154248981702,-0.01355707352042969,0.009522337451087843
-0.01433919260743161,0.01823345870405926,-0.016658090801217912,0.009322670569655217
-0.017561669788768393,0.018740774558834307,-0.025,0.009059791248154817
-0.018900601595630936,-0.025,0.005858771740817236,0.009548414882224023
-0.021893355303099486,-0.01960056191341681,0.009725084683716119,0.009474730217192516
-0.016169343477473546,-0.01823237304348239,0.01217178781953009,0.009364206578072121
-0.0057422834135237725,-0.020074246866311807,0.007786195024698251,0.009392194666474604
-0.014548824397675488,-0.025,-3.5655836792200524E-4,0.009465232787200425
-0.010921205586931519,-0.019525375379949157,0.0031464524944314924,0.009376220466851813
-0.014686856423160146,-0.018631783290491522,0.008702207668443209,0.00938664405525029
-0.010833793332874101,0.016929419866959793,0.014034212795851646,0.009282740714413854
-2.7036434229215446E-4,0.001286673333340525,0.018752918587280017,0.008648949326999276
-0.00520442918516352,-5.576535367386032E-4,0.025,0.008251952444921188
-0.0049350493818428555,-0.005296987465247237,0.012505837174560027,0.008945938371405936
-0.014470740437020603,0.007375417338854577,0.018766279307858923,0.00878126263116361
-0.0176275707131754,0.02027515696478171,0.025,0.009227588880835443
-0.02142857142857143,0.02500000000000001,0.02500000000000001,0.00974824893716145
-0.012477760844584138,0.017301974435031092,0.006029576980058437,0.0093423192916106
-0.01490127524705014,0.025,-0.012299705530599274,0.009682359795226
-0.01844148755015539,0.025,-0.0187654062057451,0.009833859912067438
-0.016545062896638887,0.018864474435031094,0.008811325529855054,0.00940353996739116
-0.016565549054048462,0.025,0.008347432707078252,0.00958611751632232
-0.016692063677058423,0.018211206786812872,-0.00919389488953709,0.009387545486181153
-0.01575631236560007,0.025,0.0016297344460161345,0.009479360741542918
-0.012893908389143928,0.01875,-0.001067425869247347,0.00936953842965611
-0.017957609398988453,0.025,-0.005268931389015109,0.009530472751241505
-0.02063709719150003,0.025,0.013005259565035551,0.00973072363696201
-0.02313485110127549,0.019900041538941718,0.015577124394941314,0.009483705872437121
-0.022398527928725945,0.025,0.005867655367197199,0.009579646872576123
-0.024782037111198738,0.025,0.018800696726331743,0.009898456074861502
-0.0036382934176003943,-0.011793571281299077,-0.025,0.00854556238503216
-0.007258825292483409,-0.011728554348683756,-0.015712680298340494,0.009006112015798384
-0.010429546096862986,-0.017720378295234852,-0.025,0.00894478219210243
-0.007209889937057355,0.0016729251678631281,-0.012494162825439976,0.008918574045306058
-0.02429771475715361,-0.02081563078130464,0.025,0.00930227508273283
-0.028571428571428567,-0.025,0.025,0.009793671426265417
-0.0192600063398465,0.015606391472747996,0.01565589521418393,0.009236267573110675
-0.01774089041165369,0.012425565890991981,0.025000000000000005,0.008600357933387232
-0.01347385404524394,-0.010593974930494474,0.02500000000000001,0.008514227135352352
-0.017325362044983087,0.0018209392459951831,0.025,0.008295161663072839
-0.022886997075480482,-0.01484228440330853,0.025,0.008787641540556479
-0.028935094445621982,-0.019743001564042312,-0.018460357485368995,0.00949307568678987
-0.03155955862723851,-0.025,-0.019662367427527146,0.009954664957897008
-0.027844822396038443,-0.025,-0.01356911559942169,0.009811446271442828
-0.02701973087184181,-0.02071944714984776,0.011650925659408106,0.009566539086066434
-0.02942271770852889,-0.025,0.012721697433090776,0.009833014900923328
-0.026317196236217987,-0.016613768969666147,0.01766002760591626,0.009279637224179647
-0.032069109138427504,-0.025,0.01944060265760543,0.009949969883012551
-0.019679857516305854,-0.010823389855321509,0.018759598947569466,0.008909798264575776
-0.023576170452741782,7.177035744012297E-4,0.018766279307858923,0.008740325327611195
-0.027692751345434516,-0.025,0.0056030668391149445,0.009623415526595524
-0.021428571428571422,-0.02500000000000001,-0.02500000000000001,0.0097379061181235
-0.018846660742951826,-0.01733407513677711,-0.025,0.008968651612412728
-0.014863008955159122,-0.014498806276422773,-0.015712680298340494,0.009153820321157786
-0.026135778825939975,-0.02032388515976418,-0.025000000000000005,0.009269874237938259
-0.02857142857142858,-0.025000000000000005,-0.025000000000000005,0.009818149830401792
-0.03604069067920196,-0.025,0.008373868632145525,0.00979614185258533
-0.014285714285714294,0.025000000000000005,-0.025000000000000005,0.009712209794455128
-0.02142857142857143,0.025,-0.025,0.00975048388161151
-0.01496919870469577,-0.007941038733529367,-0.025,0.008404297824588968
-0.014128121321097649,-0.005027814590410314,-0.014090060841311328,0.008936007766075485
-0.026314550302543746,0.025,-0.018899349317761355,0.009909270911485342
-0.024121270535834988,0.01984944786689398,-0.025000000000000005,0.009218399836580847
-0.01802353515567294,0.0033458503357262567,-0.025,0.008344906008575226
-0.014463979745830725,0.012161351848578942,-0.013824871589004535,0.00910407626728181
-0.02205725498925002,0.012161156742974008,-0.025,0.008656209809199079
-0.016100127760339263,-0.018976503893586506,-0.0014932900358352664,0.009392478280398348
-0.022243335187291866,-0.025,-7.917426389551594E-4,0.009522063187850505
-0.02485568337140051,-0.025,-0.007644338021608065,0.009645850383148758
-0.019292846006046648,-0.01801979443661027,-0.007905677661876338,0.009396585192706431
-0.018996741531719374,-0.019288532903501656,0.004115897323940426,0.009420100910760142
-0.02944434837783895,-0.025,-0.0018951393172449357,0.009595831928782243
-0.027200287653114705,-0.01875,0.002344027898105159,0.009481695460695348
-0.022485564251754037,-0.017063084979634036,-0.01431806528791741,0.009349772515815601
-0.020617947901132617,-0.00792712804063018,-0.019545030420655665,0.008792543707569043
-0.026966034467926333,0.01873412202921026,-0.019308740685814937,0.00937474547987953
-0.02117669046091781,0.017841737649336272,-0.015582470985745011,0.009361717924927118
-0.028571428571428577,0.02500000000000001,-0.02500000000000001,0.009797969530076013
-0.01647271795713123,-0.0068044953073344875,0.012519197895138933,0.009011773475781814
-0.012895572179772555,4.578977401243767E-4,0.012519197895138934,0.008948771704914477
-0.025467117153268562,0.01787400053392501,0.025,0.009054479698462544
-0.02857142857142857,0.02500000000000001,0.02500000000000001,0.009820476169298674
-0.027973567831581413,0.02043800880671538,0.01663965144543707,0.009549804958859183
-0.01960250656630409,0.018994670509285085,0.003503842175360419,0.009420781997751888
-0.02391189337168023,0.010683475298672546,-0.012399535765744922,0.009170312301245279
-0.023620750363237714,0.025,-0.011372879605621167,0.009730475134709914
-0.02530919107410731,0.019161562218751923,0.008622405912739734,0.009484191213968611
-0.03183604448547196,0.025,0.018999567342012788,0.009941574734019739
-0.028404234112230795,0.025,0.011895900292931097,0.00978826166273242
-0.03288636092344953,0.025,-0.019507105758871993,0.009952950532878918
-0.031233419571406056,0.025,-0.013335504111956338,0.009862548053578508
-0.017384212747215404,0.013462007366335692,-0.0032458431274056208,0.009289033447559143
-0.02463215361967077,0.025000000000000005,-0.0044413233312738404,0.009577604489688878
-0.024272023495675497,0.017841737649336276,-0.00842042954850938,0.0094361570185138
-0.02123122438715919,0.025,-5.677766637327986E-4,0.009517326801672617
-0.02933856459276201,0.024999999999999998,0.004936688917229655,0.00963376093383551
-0.02569926390020981,0.025,9.219771018265273E-4,0.009556918994404062
-0.034919141758948724,-0.025,-0.013995479423365145,0.009901860605818337
-0.03288129706276194,-0.019002317002422962,-0.025000000000000005,0.009212853233705564
-0.03824248800523776,-0.025,-0.019947235625803583,0.010036443479260302
-0.03583337615756753,-0.019743001564042312,-0.018839110505594166,0.009571762898394625
-0.03571428571428571,-0.02500000000000001,-0.02500000000000001,0.009887653036866787
-0.027107774481167586,-0.010826441490850047,-0.025,0.008615230956314864
-0.025118935557970824,-0.002118022693570122,-0.025,0.008370532809990058
-0.021542256994860027,0.0020073055567016622,-0.012894286623974925,0.00898531170186926
-0.0334242643098973,-0.014486003128084629,-0.017730985385384746,0.009250187553568583
-0.036370801810161904,-0.013177605004935405,-0.025,0.008849569888540045
-0.0357142857142857,-0.025,0.025,0.009885903444386494
-0.032049473521088376,-0.01662400629884347,0.025,0.008994229859102153
-0.029804835639955923,0.0073848736246401175,0.025000000000000005,0.008507556494278201
-0.027901286873006564,0.013931726460441867,0.014961319188831656,0.009243137184086767
-0.020856094977702258,0.0062127829454959906,0.012532558615717844,0.009031300009714756
-0.026296245927781303,-0.004777375796693531,0.025,0.008387896181733571
-0.03461620693637131,0.011810726562531336,0.020797822009861647,0.009001087999162426
-0.03593539259865836,0.01835236721089111,0.025,0.00917250836661791
-0.03078440294230898,-0.025,-0.008456500157256831,0.009716624491530379
-0.03665556558179815,-0.025,-0.008546601254940391,0.009803022402778057
-0.030477726809632677,-0.015794401251233853,-0.010461970770769494,0.009418333343582046
-0.03449573430627416,-0.025,-0.0041262933792144945,0.0096878570768226
-0.025781753666097702,-0.01875,-0.004279674532256346,0.00946809884940342
-0.03560327595413271,-0.025,0.015049710418392592,0.0099379727679231
-0.03549173291774396,-0.019075304194224964,0.016858813309316316,0.009559175009255285
-0.03870888163068231,-0.025,0.01974687542946995,0.010041446817249519
-0.03198337320551543,-0.016613167179846206,0.010394923098116404,0.0094737619637568
-0.03219026028647852,-0.007882927562642248,0.0174195973625395,0.008994020513200956
-0.03115142689605172,0.0032169231688867336,0.016401838121051532,0.008951189893886387
-0.03561832744742094,-0.025,0.0018544767653786223,0.009678318650271517
-0.035061960818132024,-0.01741598684402817,0.003948401316115236,0.009552506556481563
-0.04290044734643626,-0.018801001330889397,0.025,0.009334441445451097
-0.042857142857142844,-0.025000000000000005,0.025000000000000005,0.009995843066223106
-0.044323220884470535,-0.025,0.020051017569298522,0.01014070953918407
-0.04383820066033853,-0.018921813024364006,0.01684313620892087,0.009669766514842344
-0.04183464865074607,-0.019227215360910998,0.009573063667120456,0.009702607251623169
-0.04291199418193012,-0.025,0.013357189585847876,0.010021805217751435
-0.042614379695428625,-0.025,0.004702007460111068,0.009817199627776805
-0.05,-0.025,0.025,0.010117225113048047
-0.03189027822365245,0.01552000698840992,-0.025,0.008907885790152479
-0.029586854521302046,0.008022599086564422,-0.01869999590406028,0.008912374527467104
-0.02953614768832146,0.006280705288630069,-0.025,0.008451964846600378
-0.03017105067695637,-0.006588802502467702,-0.012467441384282157,0.009137789970838759
-0.02977154017559982,0.017472268511859672,-0.013826695758507042,0.009438422232865904
-0.03586435598698541,0.017906872567909283,-0.01768192123041446,0.00945816676705671
-0.035714285714285726,0.02500000000000001,-0.02500000000000001,0.00988303853105932
-0.035714285714285726,0.02500000000000001,0.02500000000000001,0.00991465277873822
-0.03260253709867991,0.019669512884643244,0.01798774078884766,0.00953226205154636
-0.03194220468545391,0.017321257886809577,0.009495823003970939,0.009491404275996823
-0.0275764619630158,0.015978341887285846,-4.7432021897514794E-4,0.009432029648950043
-0.030321269408404503,0.025,-0.007291075817755411,0.009697087465581487
-0.03000320929337162,0.025,-0.0012866743968226197,0.009604603092563965
-0.033522483361259785,0.018376852064045695,0.0015933932619860555,0.009546938286498679
-0.03404606576598122,0.025,0.002148822013246156,0.009657646821689491
-0.04285714285714287,0.025000000000000012,0.025000000000000012,0.009993737183969932
-0.044364412866329236,0.019182532152722982,0.025,0.009405978411999786
-0.039018042540084466,0.025,0.019687793663513836,0.01005280860203731
-0.03557066116265928,0.025,0.014591734978571178,0.009917059390472483
-0.035687759631001285,0.024999999999999998,0.008266520625820645,0.009769975428727085
-0.03387805467363739,0.01961937227297034,-0.006639521732842815,0.009590454664850425
-0.03949196309187866,0.025,-0.019721292274974357,0.010061465831357844
-0.036118298325762715,0.025,-0.015168996387035866,0.009958838104443559
-0.035619062488931624,0.022034414406212254,-0.012443084988786584,0.009736474769530736
-0.0365485633181031,0.025000000000000005,-0.00948095850068846,0.009817369354955013
-0.0401695966857825,0.021841096647847044,-0.01671580859817417,0.00980999108975295
-0.03623944192832386,0.025,-0.002993446907321319,0.009695404110044239
-0.04198027730656719,-0.019316779677716188,5.338200546958402E-4,0.009695873858455464
-0.04170775751871282,-0.025,-0.0038546886959897123,0.009789861264186146
-0.04265714632069535,-0.025,-0.012813747238080632,0.010018749442241773
-0.03953488341886884,-0.015574203360618133,-0.014299553981410728,0.00948950399244577
-0.040621320468790835,-0.020287101680309068,-0.00907712133870022,0.00971862617539562
-0.043777723767008656,0.010284700817408662,0.025,0.00881298422549263
-0.040412467025798066,0.015781845023006377,0.019518698467122068,0.009350878558691421
-0.044767441709434426,-0.01808870843666242,-0.017003308356675805,0.009639574660035235
-0.04430622076726613,-0.025,-0.020204077984400187,0.010138415486365245
-0.042857142857142844,-0.025000000000000005,-0.025000000000000005,0.01000421328352673
-0.04309056555716931,-0.021137509634573528,-0.025000000000000005,0.009574386799169856
-0.040715854857340236,-0.017013545807044436,-0.025,0.009159158265576926
-0.035245533093245865,0.0032497288587102057,-0.01798709997124266,0.008927507873870357
-0.037131259188961985,-0.0027061410313457407,-0.025000000000000005,0.008493879811593417
-0.044767441709434426,-0.007794328629852981,-0.015113877739223918,0.009294973660920584
-0.04263432720595897,-0.011838179495081928,-0.024999999999999998,0.008881301356483741
-0.04221956102592968,-0.009922710516366031,0.025000000000000005,0.008779756236340575
-0.042104220058767176,8.650782872198434E-4,0.025,0.008575639257683867
-0.03700506225251807,0.010746237614250408,0.014108623532763563,0.009266313903357975
-0.0395449349153213,-0.0010714337570909872,0.013315719054886009,0.00918528467255891
-0.05,-0.012079513324834493,0.01834346083043955,0.009394443438392923
-0.049999999999999996,-0.0065515225441470796,0.024999999999999998,0.008770158460908659
-0.05,-0.017110256447582163,0.025,0.009300523290860044
-0.05,-0.0198031617843445,0.019713824982294105,0.009784868047185874
-0.05,-0.011580615407687678,0.010783327285682308,0.009610180715516775
-0.039741046652667686,-0.010376503903158064,0.01138092877301719,0.009374123634913753
-0.05000000000000002,-0.02500000000000001,0.017555455364606024,0.01022005510167183
-0.05,-0.025,-0.025,0.010129417946815137
-0.05,-0.025,-0.017555455364606017,0.010220543027989309
-0.05,-0.020603213512706713,-0.019707062731940884,0.009848061429135
-0.05,-0.025,-0.00925492924501856,0.010050577122350189
-0.042252797094421556,-0.013633559355432374,0.004922328805381393,0.009578557718611054
-0.05,-0.017435145022808407,0.0038023317439109354,0.009819508574269983
-0.05,-0.01903935651867996,0.013390239709407245,0.009846054708684354
-0.05,-0.025,0.009254929245018563,0.010053551480502436
-0.05,-0.025,2.1033522146218786E-17,0.009934332467704341
-0.04462521969493653,0.025,0.02045582796767681,0.010147716409253039
-0.04170875836551971,0.02039092251150319,0.01601077397262382,0.009738116512821195
-0.05,0.025,0.025,0.010120362289498966
-0.05,0.02138350653028457,0.02112710936840987,0.009889387194914712
-0.05000000000000001,0.01711025644758217,0.025000000000000005,0.009304481502808836
-0.04286411110468119,0.019393994892450937,-0.025,0.009398565985450864
-0.04510117959830649,0.025,-0.02042296317580023,0.010145699418157917
-0.042857142857142864,0.025000000000000005,-0.025000000000000005,0.0100028820619301
-0.04122798661121216,0.011354168381964388,-0.025,0.008819677158300792
-0.04418319494514091,0.018732058145422566,-0.01571390059160468,0.009691722214171057
-0.03907548676347732,0.01758525533310332,0.00900116947192992,0.009601756593416657
-0.04323026059263345,0.008424938479162102,0.010842269726460262,0.009415952039219836
-0.04165357892615715,0.025,0.0025784008321690817,0.009790797334199157
-0.03961428419569047,0.0142104378367899,-0.0033778737839807254,0.009558622347142881
-0.05,0.01695655637526812,0.016205807663191622,0.009712735509672166
-0.04300504970524134,0.025,0.01250284947812557,0.009998251545081278
-0.044528525027856015,0.017823567660956503,0.012256853273199116,0.00969202046624131
-0.043001902977666207,0.025,-0.005570221281603865,0.009854498551771233
-0.03891255472534888,0.01850453522084739,-0.011122726774476123,0.009628101307819404
-0.04337297278303391,0.025,-0.013167641120052836,0.010027058660933834
-0.05000000000000001,-0.015769721828383664,-0.00628320488273828,0.009787730880799464
-0.05,-0.02009403088985192,-0.013766264299249362,0.00990057562429341
-0.049999999999999996,-0.012136790405826815,-0.016715033855991178,0.009465646254025583
-0.05,0.009286475969518926,0.017071078926503468,0.009362023274150108
-0.05,0.006551522544147079,0.025,0.008769209331619376
-0.05,-0.016993379727529533,-0.025,0.009314485166200133
-0.05,-0.005825391208492948,-0.008397621484979773,0.009550337473799674
-0.03835391198039745,-0.014134860914191832,-0.003599107962821453,0.009532507829652459
-0.05000000000000001,0.006457288087583189,-0.025000000000000005,0.008795560065672748
-0.04167990349876487,0.010524862276095974,-0.01378306380194255,0.009354496445139039
-0.05,-1.445389908782957E-5,-0.01592820149703711,0.009266740836567703
-0.04167990349876487,0.001690103770136602,-0.00968591071373254,0.00932609381516407
-0.05,-0.006457288087583167,-0.025,0.008795402183837587
-0.05,-0.0017627846692908605,0.01534277768258279,0.009303401564793885
-0.05,0.004468719065034432,0.007647142518676387,0.009555412030468348
-0.05,-0.006015891602803636,0.0031977589881083505,0.009631571559336898
-0.03698564977187543,-0.003007945801401818,0.001631438109772017,0.009362358315052026
-0.05,0.025,-0.025,0.010117089729145483
-0.05,0.020361316916462056,-0.019356880651940293,0.00983790192024884
-0.05,0.016993379727529546,-0.025,0.009296265280251358
-0.05000000000000001,0.025000000000000005,0.017551626513109514,0.010207104701673197
-0.05000000000000001,0.025000000000000005,-0.017551626513109535,0.010219908881134566
-0.05,0.020254862502593687,-0.013764935418304527,0.00991542225529674
-0.05,0.011844125803425795,-0.016591927661399795,0.009460409625850251
-0.05,0.0065416102331842686,-0.0044101156100877625,0.009624587269619764
-0.03698564977187543,0.006409948575688435,0.0030747938684882723,0.009382784411388113
-0.05,0.016014880562822728,-0.005635959479955672,0.00979039022926719
-0.05,0.012819897151376871,0.006084470505540861,0.009712969718673739
-0.05,0.025,-3.469446951953614E-18,0.009943824964960475
-0.05,0.025,0.00925081277954428,0.010065111560999141
-0.05,0.025,-0.009250812779544301,0.010052892105870438
0.0320589772253067,-0.009688798758635068,0.005072143115753172,0.009350927495242906
0.034719542174098554,0.011905137637604703,0.009342060709047533,0.009378556771076928
0.027685803903185865,-0.007910695386005424,0.011546661334976109,0.00914977832350275
0.029099736876089854,0.008916378906510628,0.0031398280957610023,0.009310027232259564
0.03417907928704848,-0.008302585358025596,-0.008171818412810653,0.009318973864992815
0.03248174111469336,0.008348707320987202,-0.008314159285063379,0.009286662739951393
0.018975625078175556,0.014936439517116911,-0.010069250423552042,0.009285682637761604
0.026878154769225487,-0.0036183187407334053,-0.00653816482324835,0.009184848258025307
0.021358186844848456,-0.01578239920395249,0.009203763330673399,0.009335542063362314
0.02424450284485566,-0.0137662599392621,0.0017057617270350494,0.009349639760961417
0.013069642274813966,-0.016432816902959144,0.01087808033414031,0.00929327031883786
0.022888751359477336,0.006351039992301668,-0.00311992099482741,0.009214687884089431
0.026801877640779112,-0.002234359532513575,0.003829408433897223,0.009209311837719409
0.025882126168066948,0.004833048863536266,0.010168660988703646,0.009118853365144538
0.020621444785404747,0.011382820233743212,0.008015827087020137,0.009236788608332247
0.010304104584454125,0.015077433514611771,-0.012046897027151648,0.00921523570889793
0.011502964993351612,-0.014163607328026306,-0.008870444795126851,0.009241292074579108
0.014124139720039838,-0.009229164930308929,-0.00868573436666971,0.009128580078271475
0.01140525750736523,0.009425519996150834,-0.0030845041281649587,0.009176017894959426
0.013199199494896176,-0.008098348713176894,-4.576674547253032E-4,0.009169435775865488
0.00690103964221601,-0.014641327982929457,0.011972434628253027,0.009190480233211416
0.013462359896830508,-0.010676439769515498,0.00694171350262462,0.00917477823100336
-4.835339355377903E-4,-0.015148493732623619,0.009570567129401934,0.00923417620773604
0.010800191013776744,0.001988302088289544,0.009920732603468716,0.008998820107559922
0.0016325840907326931,0.01521842751210663,-0.014024543630751254,0.00917340765653445
0.006334810546089125,0.010617163250559798,0.008915820012905048,0.00913069189288926
-7.82363447468758E-5,0.0125,-0.003049087261502507,0.009214283892146633
0.00178953637684081,-0.009843950046732558,-0.006308690734202699,0.009135231052057217
0.0036037552815582283,0,1.1674349120046822E-5,0.009093217696033884
0.001560110673010219,-0.007574246866311809,0.00479112073926099,0.00911560729584323
-0.017763747692365932,-0.015951675479697437,0.0153656877182437,0.009241815311467349
-0.008625670472934274,-0.015332385472134846,0.014187058650990361,0.009189631549049667
-0.010879357167366422,-0.011663537416068435,-0.006425360596680991,0.009198027192064804
-0.0056814455514521064,-0.013406015574346028,0.0015726032663604711,0.009238357645151223
-0.007951823693226497,0.009851506267376381,0.00981581293878996,0.009097821253365054
-0.0072711080452888014,0.01233067592428947,-0.00843697942525352,0.009174999296431001
-0.00761146586925765,0.011091091095832926,6.894167567682202E-4,0.009198588505786537
-0.00941559043029646,-9.060155743460269E-4,0.0016952261710544854,0.00910482950043889
-0.022831124813809837,-0.01410902931856962,0.009036656312336265,0.009303856376684905
-0.020525203922161395,-0.00912616995926807,-0.009446400990481574,0.009162474212325796
-0.014158096012963696,-0.012953007787173013,0.0037769989559358606,0.00925323208083873
-0.01599549330369993,0.011968777351535613,0.008371291032352901,0.00920724240510508
-0.022121826963627803,0.013042912460169608,0.007028302531608506,0.009292439288171818
-0.02801038653241961,-0.008312003149421736,0.01253255861571784,0.009128294588469687
-0.026707823960794894,-0.0125,-9.150110429046259E-4,0.00935000749405003
-0.03450559418884311,-0.009831973688056344,0.00604232586685185,0.009370329625091656
-0.023971299543750834,0,6.511723143568397E-5,0.009192875648366908
-0.03249801815214752,-9.510272868666503E-4,0.007803676242103056,0.009219089041529344
-0.028938480314618265,0.009291302414954553,0.008507736293597115,0.009257897250557241
-0.03335980699752973,0.009205598748766152,-0.010974199942485309,0.0092582796418954
