X,Y,Z,Bz[T]
-0.05294117647058824,-0.025,-0.025,0.008416755549997653
-0.0550452481272094,-0.025,-0.02023444758576333,0.00849447181433693
-0.052951680760659495,-0.019245287358876817,-0.025,0.008118846964251086
-0.06,-0.025,-0.025,0.008509270375290652
-0.049424843400553246,-0.025,-0.019589141840195036,0.00842542416963335
-0.045882352941176464,-0.025,-0.025,0.008335670442364784
-0.03176470588235294,-0.024999999999999998,-0.024999999999999998,0.008220345274433001
-0.03442329391214314,-0.02000629816849234,-0.025,0.007972188090742884
-0.038823529411764715,-0.025,-0.025,0.008271227815920818
-0.03488905474544622,-0.025,-0.01882526631185876,0.008286349128811309
-0.027964584510092604,-0.025000000000000005,-0.01868851844658238,0.008243411111170456
-0.042337914360954236,-0.025,-0.019189804892246913,0.00835129622149436
-0.04228047191331548,-0.01618240534968303,-0.025000000000000005,0.007867066568569657
-0.0454943825924057,-0.020645204900017842,-0.017877430725184204,0.008213228754843429
-0.037554460446266785,-0.020759872844575714,-0.019101918445026598,0.008133237389944044
-0.024705882352941175,-0.025,-0.025,0.008174698529311212
-0.02823701854357085,-0.018405211909553586,-0.025,0.007849452607214228
-0.059999999999999984,-0.025,-0.017644961416738433,0.008557098849162741
-0.06,-0.020185328348087242,-0.020217779397867675,0.008352988995391001
-0.06,-0.0172149382455631,-0.025000000000000005,0.00811759335268966
-0.04671655881423221,-0.025,-0.013090245535234274,0.00836023304202011
-0.0539269334936776,-0.025,-0.014230204926266164,0.00845711609113165
-0.05432542541192858,-0.018237869074061462,-0.01839141797799458,0.008233791780037455
-0.05248641570545942,-0.010785244569150067,-0.025,0.007813251304736733
-0.04865085082385716,-0.01629040980003568,-0.01656505655812149,0.008139966880960709
-0.03913119041260115,-0.01022548214359078,-0.019270485638023974,0.007845112458074942
-0.059999999999999984,-0.018539534993299488,-0.013131794376879002,0.008375162149857758
-0.05999999999999999,0.017214938245563017,-0.024999999999999998,0.008121958204846355
-0.06,0.02040344755352643,-0.019507592854284474,0.008372837951738188
-0.052952327639564416,0.019927668288683073,-0.025,0.008145132313079733
-0.06,0.025,-0.025,0.008511075435066288
-0.06,-0.02500000000000001,-0.009351535876795191,0.008506047389252753
-0.052941176470588214,0.024999999999999998,-0.024999999999999998,0.008420825661656223
-0.05518227946917729,0.025,-0.019946131360515786,0.008490793930149263
-0.04912883142139246,0.02052596460682462,-0.019951294390494027,0.008225397292891574
-0.060000000000000005,0.02500000000000001,-0.01764432563658878,0.008560668602321353
-0.03251455309417723,-0.012246644123382597,-0.024999999999999998,0.007655448235571838
-0.032771006531579334,-0.016519745689151426,-0.019014031997806283,0.007954939347716652
-0.01764705882352941,-0.025,-0.025,0.008146953783640701
-0.02046599637998115,-0.025,-0.01848299233207827,0.008198564531787656
-0.020704813663197846,-0.017443886364245674,-0.025,0.007777323408987795
-0.02390989943505877,-0.018985158472279457,-0.018508918415599776,0.007985378243030814
-0.023306872935816833,-0.01024676652898665,-0.025,0.007549811602156032
-0.010588235294117647,-0.025,-0.025,0.008123748120347914
-0.01399679889110983,-0.019809277372627564,-0.025,0.007857953011640923
-0.012847415570755878,-0.025,-0.01888295579768226,0.008172270522681565
-0.017228514377332114,-0.020320860930595618,-0.016618862971249752,0.008015535387285583
-0.023703599791827554,-0.025,-0.012412601194311104,0.008170124662595032
-0.003529411764705878,-0.025000000000000005,-0.025000000000000005,0.008109085260518574
-0.005536318850380299,-0.025,-0.018896996880934346,0.008169837421555963
-0.007244533634106848,-0.017723008357389027,-0.025,0.00774504167680394
-0.00768569201172403,-0.018018067567606294,-0.018090074418112646,0.007902203725286546
-0.0087733117792941,-0.025,-0.013856341957194103,0.008132094846630238
-0.04955784872646949,0.025,-0.01908950167909431,0.008423913922673444
-0.04588235294117647,0.025,-0.025,0.008339416184512475
-0.04402403682553581,0.018113628972075642,-0.025,0.007960327514786633
-0.04237082056491416,0.025,-0.0188641631423368,0.008353608973396718
-0.03882352941176472,0.02500000000000001,-0.02500000000000001,0.008266021931379881
-0.031764705882352966,0.025,-0.025,0.008214905240927614
-0.02874240053543264,0.01963737671351822,-0.025,0.007920605117347664
-0.03512799159992992,0.025,-0.01882719768396838,0.008296448456563849
-0.035735224959382236,0.017425731789450893,-0.025000000000000005,0.007861108482047463
-0.0247058823529412,0.025,-0.025,0.008172188324829851
-0.021816960397602825,0.017190234191950073,-0.025,0.007766574966069321
-0.0216363848118451,0.025000000000000005,-0.01886292898848262,0.008207197796368205
-0.02876234707560986,0.025,-0.018816468697692046,0.008239762073420996
-0.017647058823529425,0.024999999999999994,-0.024999999999999994,0.008139998750959034
-0.052352608747256016,0.011610414751827065,-0.025,0.007836971971363644
-0.028696517034910947,-0.004160723244004412,-0.025,0.007485306448618281
-0.03964193857397525,-0.001994956871121327,-0.025,0.007545221585947837
-0.03924689914948579,0.018691838267346755,-0.02051589280017575,0.008049967629833952
-0.0422638023738767,0.009103647162334326,-0.025,0.00766194340427663
-0.05319633269041313,0.016011936772741684,-0.015539847970748276,0.008196968442832285
-0.04639266538082625,0.011852895750760099,-0.017143129134043807,0.007996281114735446
-0.04530533520322051,0.02112426092496616,-0.014902588780988048,0.008240222365041917
-0.03871563856002752,0.012696495437997909,-0.017700844158893548,0.007927544983436789
-0.0290026444454883,0.0086822847152256,-0.025,0.007541471133184453
-0.03163424810883691,-0.025,-0.011886008906842799,0.008226657395853532
-0.03862808012728879,-0.025,-0.012515156715177181,0.008277034416410797
-0.042010776666910006,-0.019817139734374635,-0.013059154765423419,0.008180981929707069
-0.043232613997211164,-0.025,-0.007293241364416503,0.00827607317299816
-0.03607414869161476,-0.021119594531624358,-0.009281470801190806,0.008159890894818857
-0.013807723416960032,-0.010752507111294246,-0.024999999999999998,0.007536668834547177
-0.019855214360024926,-0.012970316944558904,-0.01832931838461717,0.007801465987847575
-0.027299611169000385,-0.009674425010913987,-0.01832931838461717,0.007766637151042365
-0.032492276678687565,0.0022068628888635366,-0.01927048563802397,0.007699420767392815
-0.059999999999999984,-0.011896239576829861,-0.01828576355476166,0.008153274223874078
-0.059999999999999984,-0.006636847600868766,-0.025,0.007822714670215402
-0.05999999999999998,0.006636847600868614,-0.025,0.007840386496124651
-0.05999999999999999,0.01181966823580409,-0.016993741322923715,0.00818126636078529
-0.06,0.02017097779472327,-0.013936566807452744,0.008408420847559276
-0.051286971063441586,0.0016465099742080103,-0.025,0.007668910659633703
-0.059999999999999984,-0.0010884663431211597,-0.015414035841022869,0.00810531286450806
-0.0470586762437907,-0.00884525704595165,-0.014145408258130664,0.008015625561083957
-0.03631592011652321,-0.0038504972101471567,-0.013974838624495235,0.007863618582853832
-0.051790727816096095,-0.01755949506229758,-0.009626094851306218,0.008258382142562741
-0.05130313578319921,-0.025,-0.005723342692468308,0.008357585349977074
-0.05999999999999999,-0.0194034039546254,-0.004830918628925113,0.00841003517446048
-0.059999999999999984,-0.025000000000000005,-5.193328406205566E-17,0.008463118513535296
-0.059999999999999984,-0.008752789261985286,-0.0063013558409400275,0.008282102457938034
-0.03446976147343577,0.01927004756261786,-0.016031785600351494,0.008085293515699274
-0.031038611739228783,0.013540095125235718,-0.018258559183743292,0.007880351314325056
-0.01817480766865191,0.010866691704715742,-0.025,0.007564028674192318
-0.023989191665460218,0.017327229230510274,-0.015190023677984598,0.00797245485573996
-0.014648825073458924,0.025,-0.01880951579155797,0.008174283844453945
-0.011815583932245686,0.018775193949955544,-0.021201604319428795,0.007893190493638099
-0.016535495465775988,0.01747063847274262,-0.017403208638857588,0.007922720564946556
-0.014202441684779712,0.01753534033439702,-0.025,0.007741279964778082
-0.03790091120764275,0.025,-0.013805012016959696,0.008282687523719195
-0.05442410228438203,0.025,-0.013630768815357838,0.008459663088706678
-0.0453157384109416,0.025000000000000005,-0.01051178296949501,0.00832001713574905
-0.059999999999999984,0.025,-0.009350847097795163,0.008503132621882676
-0.05999999999999999,0.015899297715169576,-0.006199474939272059,0.008366719920934728
-0.05264810430105092,0.025,-0.005405714217529511,0.008376301416554412
-0.05999999999999999,0.025,2.1033522146218786E-17,0.008466682421407615
0.003529411764705884,-0.025000000000000005,-0.025000000000000005,0.008113844744553254
4.91870434734868E-4,-0.025,-0.01886700984734934,0.008153596673701247
4.513005892154212E-5,-0.017513337498306643,-0.025,0.007738054240880402
-0.017909145480550594,3.2065131642664E-4,-0.025000000000000005,0.007423868574692062
-0.007095672398715384,0.020079749427168468,-0.025,0.007853522204432152
-0.0072148584084428535,0.00923836027213907,-0.025,0.007487039545188369
0.0026946272982224092,-0.019667474086759555,-0.018864008829400796,0.007943577969317401
0.0074633022888109905,-0.025000000000000005,-0.018877511117724555,0.00816428566846163
0.010588235294117652,-0.025000000000000005,-0.025000000000000005,0.008129207808010935
0.0070553967609572575,-0.019881649728831358,-0.025,0.007848350610061068
-0.025902705303089822,-0.015188126777823562,-0.011658636769234332,0.00796525020976914
-0.027793298026007884,-0.025,-0.005849996317790639,0.008143750161155516
-0.015056616827178525,-0.025,-0.011422537346608322,0.008122730281487566
-0.020479661065134172,-0.020094063388911784,-0.011540587057921327,0.008038736217151775
-0.013991032374683068,-0.015641721861191234,-0.014754733610421228,0.00789861219653135
-0.020756157436570208,-0.025,-0.0059820892284173,0.00810157299822248
-0.003169951529447837,-0.025,-0.012091248375318907,0.008112419857513617
-0.008562487897888986,-0.011626253555647123,-0.015767508158479396,0.007792157055553472
-0.008600941004496694,-0.003366548604511633,-0.02500000000000001,0.0074204846904306525
-0.002735404412690809,-0.009919896347038208,-0.025,0.0074895941262404135
-0.002074047692366172,-0.014334948173519105,-0.018850506541077037,0.007785221802832034
0.0037520221974703775,-0.025,-0.012338227522367741,0.008113469075745493
-0.001412690972041535,-0.018750000000000003,-0.012701013082154067,0.007963524462091228
-0.007691212880793434,-0.025,-0.0065927895139711815,0.008065755069804139
-0.014780706279547522,-0.025,-0.004307860447785973,0.008072333037574155
-0.00812685038934121,-0.018313126777823565,-0.01118014883622529,0.007966292606024973
-0.026341998519075333,0.00965445846102054,-0.011517118367486576,0.007899619819191617
-3.5567381627727573E-4,0.017635670298926258,-0.025,0.007749316667834478
-0.006401504053592728,0.014809590068034771,-0.01593345162347276,0.007854025945056438
-0.0034466872441565313,0.019904795034017386,-0.01740023073540875,0.00796338356056277
-0.011617021680955731,0.025,-0.012798071245783312,0.008134946444800673
-0.010588235294117667,0.025,-0.025,0.008124214813053886
-0.007463302288870009,0.025000000000000005,-0.018877511117646174,0.008162370682337685
-0.008193524423857068,0.020553881669780748,-0.012604080986448687,0.008012310344226628
-0.003529411764705906,0.025000000000000005,-0.025000000000000005,0.008116769346205052
-4.918704347203345E-4,0.025,-0.018867009847344747,0.008154240412551396
-0.03196840451829257,0.025,-0.012651125346880926,0.008223763887157372
-0.037172009616412524,0.025,-0.007009368772706992,0.008221046301004705
0.0035294117647058634,0.025,-0.025,0.008108310432705738
0.005536318850386666,0.025,-0.018896996880951415,0.00817140285551057
0.006893208130226269,0.017459586836495088,-0.025,0.007737989503154159
0.010588235294117634,0.02500000000000001,-0.02500000000000001,0.008125642683055464
0.008110184605590334,0.019989896709123774,-0.017325231978091236,0.007975789454527772
0.013912776774512463,0.01957260994364461,-0.025,0.00784880677658153
0.012847415570742541,0.025,-0.018882955797690774,0.008172829612148635
0.0176470588235294,0.025,-0.025,0.008146626988989982
-0.018512267772403244,0.025,-0.012697725050130296,0.008149911436149163
-0.012635026650182494,0.016107763339561494,-0.01286993445059397,0.007922233367994231
-0.0256820625455584,0.025,-0.01266333430351467,0.008177252210966568
-0.015894092089149235,0.00981187322217644,-0.01211466793870459,0.007836541496145051
-0.04678674047325059,0.006125418544851853,-0.014858436534758006,0.007971168813097883
-0.04105282167997152,0.017248521849932322,-0.010715675882881786,0.00813040959688781
-0.05050636675059671,0.01627118933244756,-2.4018782371437847E-4,0.008241122110786104
-0.050521528387775815,0.014602144339185871,-0.009286258268087613,0.00819450085764602
-0.03618711509557482,-0.025,-0.004247295800193238,0.008191627159015103
-0.042712583649438855,-0.016622043943687298,-0.005498937292316177,0.008153264397413927
-0.05080692335829074,-0.017742729088682165,7.919169773581297E-4,0.008262997153573745
-0.05234882548304292,-0.025,0.0047557282970950646,0.008366273625178352
-0.044097243117241273,-0.025,6.710433246579876E-4,0.008258332469133161
-0.04382144281515192,-0.019990118798442723,0.005936922022632282,0.008209416463841551
-0.044905600860651894,-0.025,0.009848669325580192,0.008314282508381373
-0.035950819593659825,-0.025,0.004921388997547266,0.008193889388615127
-0.03167553244872074,-0.018750000000000003,-0.0030517792953572128,0.008086540302176258
-0.02978181066344971,-0.025,4.254391253396342E-4,0.008134813402224935
-0.0241752139511832,-0.025,3.446434323063907E-4,0.008101776945852297
-0.0222940742536671,-0.01954321430000183,-5.329694915563033E-5,0.00803710431906768
-0.01780161813377503,-0.025,2.1374584634519314E-4,0.008070298893408849
-0.020490337266901866,-0.025,0.00466983045653796,0.00809784700112679
-0.027168631949085982,-0.025,0.007327362282713225,0.008143524080279092
-0.020171162497342736,-0.005376253555647124,-0.011431264631625866,0.007816414947839176
-0.06,-0.016240438890912277,0.004426859547204103,0.008372808318540426
-0.06,-0.025000000000000005,0.009351535876795103,0.008502824114841842
-0.05421361960460127,-0.025,0.013479112533128904,0.008456768690471095
-0.05243340191225867,-0.01919504837732865,0.010338147562209618,0.008294211319136097
-0.05999999999999999,-0.01993701266187379,0.013016349586030531,0.008407264881955449
-0.060000000000000005,-0.025000000000000005,0.017644961416738374,0.00855859693104672
-0.059999999999999984,0.004873125749373201,-0.004592655290013304,0.00826854168099694
-0.047623723552771426,-0.004899168509115842,-0.004290234472382415,0.008098843741964087
-0.05176687759668578,-0.012434146286234222,-4.910097998506549E-4,0.008221359979283324
-0.06,-0.005211185247629046,0.0046949702165949014,0.008271958508167856
-0.050653184219916075,-0.013390096754657299,0.00719718259129033,0.008194888454257192
-0.05999999999999999,0.015239510472524885,0.005291419437458318,0.008360516711884695
-0.036194460199934435,-0.020785189219556795,0.010064903923735045,0.00815032680821488
-0.031305540685663914,-0.025,0.012747107909976288,0.008217863879587024
-0.037898735758001637,-0.025,0.013281649855902078,0.00827682767374182
-0.027554634245120863,0.01732722923051027,-0.00829190399301316,0.008033113852147012
-0.01886854924677226,0.017405936611088222,-0.009806417277715179,0.00798450124619676
-0.02876726997116639,0.025,-0.005066689618539741,0.008140591629345648
-0.036455458743155165,0.01498835146647259,-0.001163143032007765,0.008081085469014681
-0.05250099206235577,0.025,0.0035313340375862715,0.008365476090721025
-0.0434342141101825,0.025,-5.083688601471448E-4,0.00825103847345569
-0.0350310640285576,0.025,-3.8061197590732836E-4,0.008173383919526963
-0.045887030116166405,0.025,0.008403667367021639,0.008307784559764612
-0.04106729966579193,0.019736659729517686,0.006874998813562905,0.008175617896041796
-0.03736204961949435,0.025,0.006537527625131817,0.008215135171325345
-0.033084849703762964,0.01964610955342942,0.006721152213727856,0.008107392014257985
-0.05075825969335354,0.01789622866073591,0.010206412325953167,0.00824660790911982
-0.05999999999999999,0.004580369859597987,0.007818245047019128,0.008233689475256146
-0.06,0.025000000000000005,0.009350847097795198,0.00850300494006648
-0.05999999999999999,0.019233565417338505,0.013197401291490274,0.008390036076680476
-0.05293905680463248,0.025,0.013027229933431785,0.008440403471767145
-0.04646240404775314,-0.019990118798442723,0.014936671009340726,0.008225336813872138
-0.042167762543775446,-0.025,0.018319435976472516,0.008347665529085554
-0.049379165582443714,-0.025,0.018670541298074876,0.008429029915263814
-0.05530519777234343,-0.025,0.019908582269631374,0.008493763471216035
-0.0518176855500955,-0.016084299725163363,0.016098591295645167,0.008172405197649033
-0.059999999999999984,-0.020491127481295748,0.01871893344366515,0.008385884654342658
-0.06,-0.025,0.025,0.008507333408284296
0.03176470588235294,-0.024999999999999998,-0.024999999999999998,0.008210937782104492
0.024705882352941178,-0.025,-0.025,0.008173527892017364
0.02876234707560893,-0.025,-0.01881646869769893,0.008246593794114567
0.028355897746208485,-0.019623431472895227,-0.025000000000000005,0.007910025786471145
0.024705882352941175,0.025,-0.025,0.00817712235466425
0.020465996379978528,0.025,-0.018482992332095854,0.008198133668767966
0.020610220575628443,0.01704897858581874,-0.025,0.007764104957459216
0.03176470588235292,0.025,-0.025,0.008227196958652911
0.02796458451008067,0.025,-0.01868851844658572,0.00823789460958438
0.027770097743473575,0.018949703406994013,-0.025,0.007878016729187856
0.01773494126589712,0.0197690060630915,-0.017348029874864945,0.00799493842787382
0.02517075970730591,0.019314753065487387,-0.015370959789475792,0.008032089708079216
0.035127991599930554,-0.025,-0.018827197683964805,0.008285890129757618
0.035460455725674286,-0.0174668537144926,-0.025,0.00786438924052364
0.03882352941176471,-0.025000000000000005,-0.025000000000000005,0.008260551823679976
0.007186346535322942,-0.010712321569311463,-0.025,0.00751612301117566
0.01764705882352942,-0.025,-0.025,0.008144329717074067
0.02163638481185308,-0.025,-0.018862928988485128,0.008207855920331108
0.02117423161720838,-0.01719710425117954,-0.024999999999999998,0.007771225304667997
0.0146488250734133,-0.025,-0.01880951579163312,0.008187871802326663
0.013883834082485358,-0.017865349883136705,-0.025,0.007772196849192769
0.010807592376242684,-0.020788716829220746,-0.018210338964458863,0.007999684640293101
0.01161702168090168,-0.025,-0.012798071245797646,0.00813116646435216
0.01851226777235044,-0.025,-0.012697725050275707,0.008146367405385522
0.018275618307306774,-0.020573643899383584,-0.016535416866089666,0.008028651508718971
0.025682062545576884,-0.025,-0.012663334303553654,0.008189245796851237
0.024724148721158152,-0.01863423790327762,-0.01852556868342037,0.007974012402224156
0.01378506089454604,-0.020465297433365778,-0.010817238217145642,0.008023953301762171
0.008784703987718346,-0.025,-0.007273003381148025,0.008074115389683282
-0.011287928642916022,-0.025,1.8645970172637139E-4,0.008049551086537241
-0.013036094345228236,-0.020748716502148972,-3.4935706043056724E-4,0.008014199372623423
-0.014709555750188053,-0.025,0.005969101458163678,0.008078342699162668
-0.016045639033282093,-0.018221928252612016,0.005369985329498369,0.007992505260585344
-0.01991134828216391,-0.025,0.011500452089466345,0.008143776958628685
-0.011165905610183647,-0.025,0.012356119065935776,0.008118168368981922
0.0031926366162385346,0.011283022702506557,-0.025000000000000005,0.007540065101034177
0.0033729536404381263,0.014979793418247546,-0.015767508158491695,0.007846822115493575
-0.005339705818315447,0.0046191801360695355,-0.012989392129299344,0.007751755640982956
0.003219898295583494,0.001353052518102256,-0.025,0.007393441811270904
0.0029161496050949492,-0.0080304976564935,-0.016339645887940495,0.00771660556025395
0.012587478661235075,-0.0019304577850242158,-0.025,0.007403659799502412
0.008268314106693797,-0.015873303877204405,-0.015899260618164313,0.00787803667833171
-0.015077331336847005,-0.013119742053109385,-0.004532083212801709,0.00792786522298404
-0.004328479098566693,-0.003940409931965233,-0.00976220422312907,0.007795420719204662
0.001502890361942285,-0.025,-0.003046121977765716,0.008044539607490799
-0.0033172523788179385,-0.0125,-0.006535016316958796,0.007892504177709736
0.004614778508071507,-0.01712329284563931,-0.008933913939561954,0.007945512721076867
-0.005426216094433056,-0.025,0.0010885534605445182,0.008041463194042895
-0.006822479113297039,-0.018026541578169943,0.001756953944820311,0.007970487955366782
-0.0077815564985947785,-0.025,0.006093759828023671,0.00806284681802557
-5.174153491301833E-4,-0.025,0.0058625320420946266,0.008056134503035262
0.015991877285979113,-0.025,-0.0061925753492697855,0.008084402956443016
0.013269029766941408,0.009383224164082368,-0.025,0.0074839933228598235
0.012805478607884339,0.004748774435828725,-0.01705666533657243,0.007675332310013877
0.015003886151815712,0.014538012126182998,-0.016213067417634036,0.007864012547863739
0.025147287909256116,0.009779641192061608,-0.025,0.0075553349790828716
0.021843006404387407,-0.025,-0.007498166616768899,0.008118120550591029
-0.02184300640439529,0.025,-0.0074981666167257665,0.008122648509879841
-0.015991877285882708,0.025,-0.006192575349203512,0.008091814060687853
-0.02578935024289254,0.01807796830554411,7.556739320190219E-4,0.008040143510517024
-0.003752022197531641,0.025,-0.012338227522303402,0.008111048258373707
-1.8953427854675773E-4,0.019989896709123774,-0.014052867840397549,0.007985798657796557
-0.008784703987738444,0.025,-0.007273003381096111,0.008073079540268835
-0.00446600241854423,0.018750000000000003,-0.00690400984903975,0.007975117820379247
-0.011117828306692638,0.016286811155560906,-0.0036625167075490387,0.007959652631939911
-0.009850662354669547,0.025,-0.0014634491518072286,0.008050092869771057
0.0031699515294880062,0.025,-0.01209124837536809,0.008097911734782852
0.008773311779284532,0.025,-0.013856341957220693,0.00812835493979779
0.03403608783723681,0.02034968645421168,-0.025,0.007983260840368113
0.038823529411764694,0.025000000000000005,-0.025000000000000005,0.008270220510497592
0.034889054745446624,0.025,-0.01882526631185849,0.00828855338290809
0.0381924567116215,0.01894816371326621,-0.020682694042074196,0.008051121341686618
0.04233791436095078,0.025,-0.01918980489224334,0.008347382771483808
0.045882352941176444,0.025,-0.025,0.008333208712974247
-0.001502890361943024,0.025,-0.0030461219777418898,0.008041377956226625
5.260903034610812E-4,0.01684705750995488,-1.541631004416272E-4,0.007950416671415413
0.010792938776713555,0.019369948354561888,-0.006406023540944827,0.00799435879816158
0.007691212880779123,0.025,-0.0065927895139210446,0.008063828101837922
0.015056616827151013,0.025,-0.011422537346644897,0.008127994985281491
0.023703599791806383,0.025,-0.012412601194331997,0.008165942700996487
0.019899297660462674,0.017251707154360692,-0.009919368014800032,0.007984486867278002
0.0207561574365553,0.025,-0.005982089228446719,0.008101167485427607
-0.044512015347916926,0.009071999822825885,0.0017757900861924618,0.008105783399961928
-0.04160685025415338,-0.014630605764223911,0.0027408097528245734,0.008123292807559008
-0.031166332500245295,-0.014880967862742523,0.0052695030675908704,0.008031105187239805
-0.025844648719289716,-0.025,0.014426349329790302,0.008200063410214654
-0.02701457274744662,-0.020036869204994364,0.010933195411216168,0.00807387729194591
-0.02175767947080589,-0.01627406627957888,0.008613636352715162,0.007983284228302358
-0.05999999999999999,-0.01192055741709988,0.015533937000125092,0.008212984067095584
-0.04987312525582389,-0.0042093082071016225,0.00920805604071696,0.008081568488437421
-0.06,-5.48908297568684E-4,0.015378377632224821,0.008100966555541322
-0.05999999999999999,0.011382194379999135,0.016373706774644774,0.008186454314803129
-0.02501159965673076,-0.020813652868403733,0.018367602401315457,0.008056948480681503
-0.02161356880130177,-0.025,0.019160261746480715,0.008205019960528142
-0.028765151993673476,-0.025,0.01910702577328753,0.008245354773788172
-0.03643810080620905,-0.01657037843911359,0.015208418849922826,0.008036739352420077
-0.03496111569883965,-0.025,0.018957808975893588,0.008288998207105033
-0.04536489705474792,-0.009369436492050418,0.01822951436197603,0.007915857857265325
-0.03260162639994126,-0.020785189219556795,0.01715772231160518,0.008115539452128341
-0.03176470588235293,-0.025,0.025,0.00822132591088516
-0.03422022606834654,-0.01946894857880558,0.025,0.007946136291554846
-0.038823529411764694,-0.025000000000000005,0.025000000000000005,0.008262647713395925
-0.028893989204267667,0.025,0.00393029804119014,0.008141541830627461
-0.02148039673810897,0.025,-9.124810994025449E-4,0.008089836294368645
-0.024549187516189862,0.025,0.012283549858413722,0.00817300070340944
-0.030356095614653928,0.018412453608699322,0.01311075112258185,0.008050663142979532
-0.021640632360754943,0.01728974842779725,0.01016336336875642,0.00799385912474811
-0.03241605937004574,0.025,0.012416064432052527,0.008228221583429151
-0.039682429213432555,0.025,0.013001575494603838,0.008283756733989628
-0.04571353335544656,0.025,0.014937088755603473,0.0083568995851716
0.005426216094421409,0.025,0.001088553460565432,0.008042181462900054
5.174153491297739E-4,0.025,0.005862532042098533,0.008057968452088057
-0.059999999999999984,0.025,0.017644325636588788,0.008557840234569103
-0.05999999999999999,0.019640466665370705,0.018472771600282788,0.00836151619446911
-0.03955142688583899,0.02051373550853457,0.015426862814415254,0.008169489684967947
-0.04983987650927162,0.018689088494896526,0.018199939184462718,0.008193323585286684
-0.048526956099004634,0.010473443074187048,0.014209912995298146,0.008050370695915356
-0.054542142746148166,0.025,0.020564146057011255,0.008482752868040573
-0.04904701896972264,0.025,0.019972402370176827,0.008428196769826422
-0.052950395613857254,0.019904217481444074,0.025,0.008144179361452076
-0.04588235294117645,-0.025,0.025,0.008330936627723957
-0.0419778413363258,-0.01573135388455315,0.025,0.00785478312384258
-0.052982186880274916,-0.018778502695669424,0.025,0.008096256374020833
-0.05294117647058824,-0.025,0.025,0.008421494445082925
-0.05281470819591739,-0.010598116105873655,0.025000000000000005,0.007810119690941911
-0.059999999999999984,-0.017214938245563065,0.025,0.008123325905099944
0.02862935500969971,-0.009716281625508472,-0.025000000000000005,0.007576350006016855
0.03196840451828039,-0.024999999999999998,-0.012651125346885467,0.008221242495906517
0.03135996218802624,-0.017206698898382215,-0.015452969151887585,0.008010470729633753
0.03790091120763441,-0.025000000000000005,-0.01380501201695845,0.008281523534966794
0.022537524352431032,-2.574494440395411E-4,-0.025,0.007445829890111178
0.03163424810883263,0.025,-0.011886008906845068,0.008210897619856612
0.03862808012728634,0.025,-0.012515156715160777,0.00828406190433985
0.03197422016742442,0.020532058122755974,-0.017817792607823693,0.008096619002326179
0.03269428569621865,0.014581591518703148,-0.025,0.0077357320544220445
0.026637919622805428,0.013629506130974774,-0.018329318384619587,0.007849617415179939
0.029026700752038757,0.015903507275003736,-0.011177151976332376,0.008002115673700294
0.02779329802600787,0.025,-0.005849996317797744,0.008143056732369567
0.041452172833259956,0.015810169258291686,-0.025,0.007846103202259131
0.03598385582476817,0.016064116245511947,-0.016947066769061665,0.008002470872815911
0.04588683449327856,0.021273320486160378,-0.017977264962173545,0.008245434201341778
0.049424843400550915,0.025,-0.019589141840198693,0.008426812612378246
0.05617251463483228,-0.02158906717354417,-0.025,0.008267259627561354
0.05294117647058824,-0.02500000000000001,-0.02500000000000001,0.008418740633689355
0.06,-0.025,-0.025,0.008517903376640518
0.05518227946917899,-0.025,-0.019946131360515304,0.008496246740756467
0.04955784872647466,-0.025,-0.019089501679091573,0.008423004161929546
0.04237082056491246,-0.025,-0.018864163142333377,0.00834609786631194
0.04596627581903746,-0.02079995011044288,-0.01654912958810506,0.00823754180300562
0.04588235294117647,-0.025000000000000005,-0.025000000000000005,0.0083387481806171
0.03644889234227483,0.003977303845859766,-0.025,0.007544802341416771
0.043779697127084,-0.017088756793672097,-0.025,0.007929269260450332
0.03891757931863727,-0.01703337696768918,-0.019504378748559273,0.00800409593988756
0.04085937688453791,-0.009159865295476785,-0.025,0.007647355022405496
0.05241390524709131,-0.018401505508889214,-0.025,0.008078074305296161
0.060000000000000005,-0.017214938245563083,-0.025000000000000005,0.008108642892576704
0.05999999999999999,-0.020403447553526376,-0.019507592854284647,0.008375072134240654
0.042374702911600254,-0.016599900220885762,-0.014008757497118543,0.008098814066020256
0.036132468918739204,-0.019894983161934603,-0.009855475160366809,0.008134302704316847
0.04531573841093683,-0.025,-0.010511782969484865,0.00832773113701454
0.037172009616398174,-0.025,-0.007009368772705653,0.00821397784391421
0.02876726997116539,-0.025,-0.005066689618553406,0.008144366660382502
0.05999999999999999,-0.025,-0.017644325636588833,0.00856080606342055
0.05442410228438707,-0.025,-0.01363076881535566,0.00845505089271659
0.05292744486386525,0.018659268700658933,-0.025,0.008088410760190231
0.052941176470588214,0.025,-0.025,0.008415722448578036
0.017860789729612567,-0.01090642493000885,-0.015835085075243983,0.007801807127975929
0.017558278389988427,-0.009378081261216586,-0.025,0.007495072164906314
0.024626953662977194,-0.018586966215834964,-0.01019641829591511,0.008030225194774285
0.025709411908104985,-0.009898856869268032,-0.014010097220251658,0.007851758575677837
0.016971330186942617,-0.019908814397490524,-0.0046070585862477715,0.0080209737166323
0.011248348676547996,-0.017207311058740526,-0.005647498646289035,0.00796833668951243
0.009850662354686467,-0.025,-0.0014634491518502688,0.00804861940675349
0.015302934377179972,-0.025,0.0025086703609417046,0.008063770193404615
-0.01791919873505605,-0.01792365030284564,0.015529822074207542,0.007956050673433652
-0.014539670213134702,-0.025,0.01831225362994196,0.008181509971886422
-0.024705882352941175,-0.025,0.025,0.00817817161195572
-0.003964197203401028,-0.025,0.0128438669084322,0.008109897020649669
-0.008670487179118181,-0.018742577881333218,0.00839926327911917,0.007981667547041264
-0.0075330149408559255,-0.02041977332904134,0.015369674203962498,0.007993745677781426
-0.007208083871928245,-0.025,0.01852523510376882,0.008163268753492485
-0.010929889063937734,-0.019800439410272874,0.020197904372252874,0.007940836243265307
-2.768896034237092E-4,-0.025,0.01884259752179448,0.008152926706900555
0.02257552819594533,0.02076379657456789,-0.0045377137825385805,0.008054519023477947
0.0030964468420815942,0.0027141167067059103,-0.00859592583811636,0.007797849606705267
0.0036516791684450727,-0.01950439408852708,0.008831696673933284,0.007985475011036991
0.0026568790846173244,-0.025,0.013032686100390461,0.008116204872734432
0.009023323116612969,-0.025,0.014126567612515913,0.008128288121118848
0.00703472559677704,-0.025,0.005562274369103386,0.008059180071322801
0.005035188556610873,-0.014616303378157674,0.003299821943504299,0.007929119936934065
0.021480396738089054,-0.024999999999999998,-9.124810994800767E-4,0.008086615971805393
0.031415481881272085,0.0181775084190327,-0.004024985568045167,0.008077433960442597
0.024895992380125586,0.002461740830491496,-0.009428699733450665,0.00784987992645693
0.028893989204274856,-0.025,0.003930298041169782,0.008136807096218418
0.03503106402855576,-0.025,-3.806119759170723E-4,0.008174413023553255
0.024610926009474173,-0.01712329284563931,-0.0029316980237013525,0.00802106001579116
0.03436402662984399,-0.014789966323869199,-0.005905938303775167,0.00805568315521595
-0.007034725596766829,0.025,0.005562274369115033,0.008060979177269412
-0.020917836350283086,0.025,0.005775300087410042,0.008103714837563052
-0.016156024922179987,0.025,0.010531000952075854,0.008127670323322065
-0.01530293437717476,0.025,0.002508670360969828,0.008065453230672004
-0.01480348877391341,0.016286811155560906,0.005239485459036945,0.007966923259195773
-0.011913405945255372,0.020643405577780456,0.009683026535777878,0.008022601579800703
-0.005245198906507328,0.015167685700033589,0.008936569956399597,0.00791557166018689
-0.009023323116597336,0.025,0.01412656761251881,0.008132143363769892
0.007781556498568813,0.025,0.006093759828022533,0.008065901945272043
0.0025577298527683797,0.016007371604994235,0.007999711681223631,0.007929381657021619
0.010021866057856764,0.018576727081810036,0.006355754291903852,0.0079800512212984
-0.005072069250879112,0.01914644350639405,0.015547426295359306,0.007958472909889354
-0.002656879084611617,0.025,0.013032686100393228,0.008109814677718609
0.003964197203398429,0.025,0.01284386690843324,0.00810729500481088
0.01470955575019016,0.025,0.005969101458156399,0.008081603036486454
0.011165905610179445,0.025,0.01235611906593062,0.008127272359905584
0.03618711509557379,0.025,-0.004247295800193222,0.008194085398219393
0.046716558814226046,0.025,-0.01309024553523546,0.008359937564190359
0.05311255826637294,0.01965820423448488,-0.016785415206116663,0.008282561428773259
0.04700088855012733,0.01984409865774783,-0.00849644407875909,0.008244649297574966
0.04323261399719924,0.025,-0.007293241364410681,0.008274648984116917
0.055045248127215084,0.025,-0.02023444758576253,0.008495964149435657
0.06,0.025,-0.025,0.008508164330698427
0.053926933493687615,0.025,-0.014230204926271264,0.008454140850520118
0.011287928642908809,0.025,1.8645970175027934E-4,0.00804989734724434
0.018667551262903148,0.02081187910177467,0.0012509105125167196,0.008034591684393513
0.010237388907304157,0.0125,-0.0012408651097692246,0.007915252345208693
0.01478070627955597,0.025,-0.0043078604477591945,0.008071380424187672
0.01625439503799294,0.017426734396735862,-0.0021474751306688254,0.007988324554631302
0.02417521395117814,0.025,3.4464343229717587E-4,0.008099276853295515
0.017801618133772634,0.025,2.1374584632932042E-4,0.00806935366178782
0.02049033726690205,0.025,0.004669830456532558,0.008094247882691693
0.029781810663442855,0.025,4.2543912533537023E-4,0.008135646072171746
-0.022315506112437405,0.018292685700033586,0.01718120765770145,0.007972342822695594
-0.020617810439881597,0.025,0.018224031523202698,0.00820481260506741
-0.014546275460478517,0.016952660883387424,0.015119742729518475,0.007920539566368543
-0.0176470588235294,-0.025,0.025,0.008140118218524006
-0.020763211272225152,-0.017565887538145038,0.025,0.007784701986450908
-0.05999999999999999,-0.006636847600868707,0.025,0.007823888201786896
-0.05146722775313711,0.0015853022993377042,0.025,0.007679808613719575
-0.059999999999999984,0.0066368476008686755,0.025,0.007823958633344251
-0.05999999999999999,0.017214938245563048,0.025,0.008109959957545338
-0.05238567087644426,0.011449134618333301,0.024999999999999998,0.007826247979573351
-0.04414259628811594,0.004310692945820545,0.01927546986408943,0.007814365856832062
-0.01810650634192079,-1.2977556832070164E-4,0.025,0.007415389740355505
-0.01855107309610082,0.010670742800134352,0.025,0.007556149460965999
-0.011613685551592087,0.003915275773787286,0.011872474760888744,0.007768026942162289
-0.0269783836352045,0.0016133478601132417,0.01928436768418707,0.007674299532619875
-0.03986927581440513,-0.0019217620739118493,0.025,0.007547847675865684
-0.028234632232440784,-0.01838596682524962,0.025,0.00785672059218392
-0.027904330854369698,-0.014425561426250379,0.01693913975484742,0.007905485632348537
-0.023379143125388108,-0.010294953639954892,0.02500000000000001,0.007563061584579406
-0.014125147021293543,-0.012153228992371258,0.01798884698657213,0.007764170460918029
-0.024213490123744782,-0.006066093080000152,0.013147380467044539,0.00781686182380586
-0.0325628710382942,-0.011905119125461716,0.025,0.007660945802212075
-0.03791508591357846,-0.008140756878227181,0.011459028723952061,0.007962508662923919
-0.04406053621712383,0.017876170974518907,0.025,0.007959738254032829
-0.04233147018768219,0.025,0.019425614102318876,0.008355078763380814
-0.0282920160025072,0.025,0.01863295466477162,0.008235953911578053
-0.03187370765310733,0.017843317776978056,0.019158086682852866,0.007980346202134976
-0.035562087619732695,0.025,0.018840402895314738,0.008294019155212787
-0.013634011538550251,0.025,0.01903354217396174,0.008173687615800559
-0.010733778480684977,0.02006138697404388,0.01753877801391044,0.007981748022748047
-0.06,0.025,0.025,0.008508210157793312
-0.03568497079318382,0.017004745295893596,0.025,0.00784880080071637
-0.04095908364800854,0.015971858691819385,0.014878378048814856,0.00807053779806072
-0.042580959379109565,0.008557670640644971,0.025,0.007659431524968666
-0.03467230314414536,0.0052891189630440765,0.016138383792200197,0.007814717974281018
-0.052941176470588214,0.024999999999999994,0.024999999999999994,0.008418999432255566
-0.04588235294117647,0.025,0.025,0.008333819324088937
0.05350044427506366,0.019191816825522928,-0.010814119227823625,0.008304926664486964
0.03436813442418353,-0.004566256633864708,-0.012376850925602255,0.007883266771702093
0.039273425953317696,0.017546640972320747,-0.008894133538123329,0.008121935019081815
0.05231699755782349,0.009806321701234334,-0.025,0.0078016491353436555
0.042348825586006195,0.017546640972320747,-0.01636538808414839,0.008104715568446054
0.0423597368110616,0.01009328194464149,-0.013540971276053436,0.007991519625796386
0.05144496601460645,-0.0019172198273880036,-0.02500000000000001,0.007680680966242896
0.05063629844997659,-0.016599900220885762,-0.013921635896317147,0.008201349250271463
0.05264810430106305,-0.025,-0.005405714217528666,0.008376618608470473
0.0516816104030236,-0.011439178497658062,-0.025,0.007824361891937012
0.046848494615566096,-0.008199800441771522,-0.014212502977278635,0.008010601380645424
0.06,-0.006636847600868746,-0.025000000000000005,0.007842085784784273
0.05999999999999999,-0.011819668235804652,-0.016993741322924007,0.008182925123309566
0.05999999999999999,-0.02017097779472326,-0.013936566807453192,0.008410337661536432
0.059999999999999984,-0.025000000000000005,-0.009350847097795233,0.008504635383066356
0.06,0.0010884663431246708,-0.015414035841022421,0.008101144449761977
0.05999999999999998,0.0066368476008686235,-0.024999999999999998,0.0078228973399865
0.04494645193172547,-0.01765590134225218,-0.0036754602810148865,0.00819389735613356
0.04343421411018074,-0.025,-5.083688601612464E-4,0.008250432086626914
0.03736204961948769,-0.025,0.006537527625123845,0.008215936218845069
0.0377871228466709,-0.017476489759097522,0.0026178879416929052,0.008119138639231247
0.05248710901410549,-0.01813225677290657,-3.0136187396463053E-4,0.008290890603229501
0.05250099206234826,-0.025,0.0035313340375848976,0.008363865657125765
0.05999999999999999,-0.02500000000000001,-4.83554168928535E-17,0.008465176228208398
0.06,-0.015899297715169562,-0.00619947493927203,0.00836142620034237
0.05999999999999998,0.024999999999999998,-0.017644961416750413,0.00855590147920758
0.06,0.02018532834808704,-0.0202177793978758,0.008353442299091912
0.059999999999999984,0.017214938245563027,-0.025,0.008108421218580276
0.059999999999999984,0.018539534993298024,-0.01313179437688816,0.008373608116099806
0.06,0.01189623957683112,-0.018285763554767083,0.008150620297404376
0.05117986840553079,0.01431640846896976,-0.013336382826470799,0.008160409920249412
0.02091783635027619,-0.025,0.005775300087397201,0.008106451315317792
0.015599012466203186,-0.017527942490045127,0.006517469601609192,0.007983955064899705
0.016156024922183924,-0.025,0.010531000952066591,0.008125975856824326
0.0064031383913430474,-0.025,0.01882815182910256,0.008159534843890136
0.0026571119775467824,-0.019666906437475172,0.017558863788473218,0.007957699659233142
0.013634011538556402,-0.025,0.019033542173957085,0.008172096120102256
0.011284875520672524,-0.019426675861230945,0.01727182553497036,0.007968254083783358
-0.010588235294117634,-0.02500000000000001,0.02500000000000001,0.008126111558071747
-0.013996377843262492,-0.020047863622107344,0.025,0.007865544571185172
-0.003529411764705878,-0.025000000000000005,0.025000000000000005,0.008107002010197954
-0.004087396235281926,-0.016191019962600185,0.01886501554535899,0.00782690053534054
-0.007228377668093606,-0.01794307225112863,0.025,0.007753319728573013
-0.013762250143893054,-0.011021866736403305,0.025,0.007532453604684817
-0.007749210668400645,-0.008845738421770473,0.015921731260366834,0.007739952829308843
0.0035294117647058916,-0.025,0.025,0.00811712103776443
6.728432419647254E-5,-0.01739575427481977,0.025,0.007729420213908542
0.010588235294117652,-0.025000000000000005,0.025000000000000005,0.008127154345325143
0.03595081959365328,0.025,0.004921388997547814,0.008196453594508159
0.025062865030145168,0.019426789745541483,0.004328013437337217,0.008051966572121502
0.027168631949079564,0.025,0.0073273622827013385,0.008151858928881445
0.03959468302560603,0.01695248394871301,2.856196510060717E-4,0.008132138894483758
0.02454918751619207,-0.025,0.012283549858402508,0.008171811001881833
0.020206914073632454,-0.019239268925118454,0.01420668470815655,0.008009037309009566
0.020617810439886444,-0.025,0.018224031523201227,0.008196986401846127
0.025196583412079733,-0.018750000000000003,0.006526033835894007,0.008045156353495932
0.029162743312804017,0.013827483948713007,0.004570006845484545,0.008007839653927167
0.019224792628117462,0.01895652380737367,0.0088779810805228,0.008015016376743631
0.019911348282157067,0.025,0.011500452089463764,0.0081517607375011
0.025844648719287825,0.025,0.014426349329785836,0.008194301159007333
0.023308143251908837,0.01471595816115239,0.01151231530543902,0.007947076904914975
0.01423333217166651,0.01806911501990975,0.013441381057326547,0.007963028620000562
0.03172243411601615,-0.020145169566956455,0.007032969191986118,0.008104914336138885
0.03241605937004005,-0.025000000000000005,0.012416064432048146,0.00822595033113138
0.028292016002517774,-0.025,0.018632954664767734,0.008239709680131348
0.024557472086923292,-0.01998716979603982,0.019339876748757215,0.008009827288921356
0.024705882352941178,-0.025,0.025,0.00817584726944416
0.017647058823529408,-0.024999999999999998,0.024999999999999998,0.00813187362480594
0.028883673238200524,-0.018750000000000003,0.012954861124579276,0.00805038304368918
-0.006403138391331564,0.025,0.01882815182910371,0.0081618556521256
0.0032548264664653023,0.01997205750995488,0.017055259504516796,0.007975615192634188
2.7688960342638763E-4,0.025,0.01884259752179958,0.008150817890184535
-0.0034354723662445457,0.02136500693524079,0.02191407591455186,0.007969653677378934
0.007208083871928044,0.025,0.018525235103767364,0.008164419627438389
0.011429066609959258,0.02026866703774934,0.019144278314064303,0.00797448216929645
0.014539670213134272,0.025,0.01831225362993867,0.008177718139439183
0.021613568801299072,0.025,0.0191602617464798,0.00819486972367545
0.018631809074644772,0.02026866703774934,0.019461791635420517,0.007995160841835167
0.044097243117227104,0.025,6.710433246584421E-4,0.008257383114204991
0.047325656329121564,0.01912744153239019,0.003934112957971642,0.008236635541762016
0.052348825483038305,0.025,0.0047557282970863875,0.008365586022801016
0.053662828164560784,0.019265422743505643,-4.4840283548217154E-4,0.008318929629261838
0.05130313578319399,0.025,-0.0057233426924585724,0.008356871006037318
0.05999999999999999,0.025,-0.009351535876808136,0.008506602690727654
-0.014289062147043622,0.017618510611213944,0.025,0.0077689684633753045
-0.007833545422819702,0.01512277394808776,0.016044013853859136,0.007859370171449907
-0.007193561975713046,0.020150703008797802,0.025,0.007859647932645975
-0.022174857338775205,0.01659887455806975,0.025,0.0077432729503387225
-0.024013201784993207,0.011585371400067176,0.016138383792200197,0.007833810109529868
-0.028770803166883345,0.019050057397159485,0.02500000000000001,0.007881789598132514
-0.024705882352941178,0.025,0.025,0.008177839667589908
-0.008489327983327547,-0.00362403471436476,0.025,0.007395032258427756
-0.004456462200416383,0.0018166933128284984,0.018620647761237185,0.0076003145529193435
-0.0072825410324477285,0.009207480735325332,0.025,0.007476279455029342
-0.01764705882352942,0.025,0.025,0.008136022917114002
-0.02899989491885223,0.00837417254020393,0.024999999999999998,0.007535955450604692
-0.028641817450414095,-0.004079639696141744,0.025000000000000005,0.0074922270337020236
-0.03882352941176471,0.025,0.025,0.008262200882703047
-0.03176470588235296,0.025000000000000005,0.025000000000000005,0.008214412481944157
-0.010588235294117667,0.025,0.025,0.008129184645627887
0.059999999999999984,0.008752789261982592,-0.006301355840947216,0.008281796477258838
0.05999999999999998,0.025,6.830473686658678E-18,0.008463489250678562
0.06,0.019403403954621097,-0.004830918628935985,0.00841082195365196
0.04490560086064551,0.025,0.009848669325579207,0.008317950524662939
0.05163365039443162,0.0027324304870579835,-0.008747989196564644,0.008115532218102083
0.059999999999999984,-0.004873125749374107,-0.004592655290013431,0.008273950297065449
0.05247322596586273,-0.011264513545813143,-0.004134057785514159,0.008211919986683781
0.03996099688629534,-0.017438625101787033,0.009588437469303115,0.008122998557226046
0.039682429213432416,-0.025,0.013001575494602895,0.008289783677771494
0.04588703011616496,-0.025,0.008403667367017054,0.008313021140641943
0.045713533355445736,-0.025,0.01493708875560304,0.008356832705861192
0.03789873575799612,0.025,0.013281649855903,0.00826868223556785
0.0412121140293165,0.016299951059360614,0.010653849024762888,0.0081134987218823
0.05021344271198007,-0.018062266080639242,0.008419457022499747,0.0082513970856921
0.0529390568046315,-0.025,0.013027229933432046,0.008438316432333105
0.05999999999999999,-0.025000000000000005,0.009350847097795184,0.008500415259357439
0.059999999999999984,-0.015239510472525572,0.005291419437458273,0.008359391699182622
0.05999999999999999,-0.019233565417338998,0.013197401291490142,0.008390885715532585
0.059999999999999984,-0.0045803698595997325,0.007818245047020023,0.008235775779211182
0.04524142856547348,-0.01021435856206451,0.0031722552917073676,0.008113994148949349
0.059999999999999984,-0.025,0.017644325636588788,0.008558029504202072
0.05454214274614746,-0.025,0.020564146057011422,0.008482638733446683
0.059999999999999984,-0.019640466665371246,0.018472771600282843,0.00835687538542328
0.05238384457280785,0.01912744153239019,0.010338147562209778,0.00829151448278068
0.06,0.005211185247626739,0.0046949702165956855,0.008274071826789454
0.050554069541016024,0.013254883064780374,0.007197182591284841,0.008195848478556662
0.05421361960459967,0.025,0.013479112533134711,0.008457556853357346
0.05999999999999999,0.0162404388909135,0.004426859547207795,0.008373913045929807
0.059999999999999984,0.019937012661868925,0.013016349586038832,0.008407284659940164
0.05999999999999999,0.025000000000000005,0.009351535876808183,0.00850282517625611
0.03556208761974029,-0.025,0.018840402895314655,0.008293994291076192
0.03225396472009223,-0.019557735356883654,0.01890891672880215,0.008048121705695296
0.03176470588235294,-0.024999999999999998,0.024999999999999998,0.00821790545914196
0.007189515478799875,-0.019840602103162675,0.025,0.007844650814689172
0.01843335834709054,-0.015154954889369361,0.02119438512497555,0.007785792315004203
0.021449092680015512,-0.016901190720383555,0.025,0.007747094068624208
0.013556123296872578,-0.017742138250371225,0.02500000000000001,0.007756642189484441
0.02851335853640071,-0.01957415152614275,0.025,0.00790792325594003
0.007441668917617605,-0.01069762253462634,0.025,0.007522572081475142
0.0030992041324229874,-0.01125890498054708,0.015531190437068293,0.00777673995994976
0.006582239812459281,-0.004236077118316955,0.017850961273679668,0.007641540771586298
-0.0027318042821447112,-0.010352298232116003,0.025,0.007498555406020991
0.03168163795863766,0.016299951059360614,0.012942689026866202,0.008016249868589193
0.031305540685659626,0.025,0.012747107909975477,0.008221825645681587
0.02876515199367317,0.025,0.019107025773287017,0.008244329118978025
0.03047766176934732,0.02096595816115239,0.0189645767446632,0.00809254911735966
0.003302091744466277,9.558159190590082E-4,0.025,0.007373720228446078
0.012684738580695281,-0.002552356450641003,0.02500000000000001,0.007412655789939387
0.015864640631072846,-0.013478537850236904,0.016129819557910593,0.00784147456235362
0.00525744278708039,0.004888230039819502,0.012010607870700659,0.007762162803178567
0.01397943880234882,0.009776460079639004,0.025,0.007502882994170336
0.01960967007921089,-0.0012761782253205014,0.013568735368366744,0.007760802517518771
0.02599420783985934,0.01693191632230478,0.0189713445134331,0.007920149618946168
0.020113770005762924,0.017500515671107265,0.016206362785379826,0.007951848160890566
0.03908636557365356,-0.020197907727001925,0.018300917523440225,0.008137634398711159
0.04233147018768142,-0.025000000000000005,0.01942561410231865,0.008348202852422893
0.029577753217639936,-0.014647256461724217,0.019314051226401344,0.007874662994901995
0.051371942210848884,-0.018165191719249844,0.01690294131032811,0.008213847256786108
0.04904701896972231,-0.025,0.01997240237017712,0.008418933597023752
0.04448007006309992,-0.017039629039594658,0.01668492336447573,0.008106251694472539
0.029008010402687807,-0.009480941427534598,0.025,0.0075589194486897805
0.0030035681361855505,0.0114180883255426,0.025,0.007537757256451764
0.006232763329504217,0.014944115019909752,0.015267921487234012,0.007859343177220852
-0.0011208153851608885,0.013292887012788095,0.0169682849781998,0.007786940445860834
0.0071873035897760465,0.01782892001891969,0.025,0.007756413149047674
0.013999339962827363,0.019936438111177845,0.025,0.007862431691606829
0.01565004934799047,0.015537334075498675,0.01976332152436124,0.007826087084397158
-4.678063411575271E-4,0.017730013870481575,0.02500000000000001,0.007741269840997056
-0.003529411764705906,0.025000000000000005,0.025000000000000005,0.00811906849838887
0.0035294117647058634,0.025,0.025,0.008115124360494805
0.010588235294117634,0.02500000000000001,0.02500000000000001,0.008128103815656738
0.0349611156988353,0.025,0.018957808975893303,0.008278672695876442
0.024705882352941154,0.025,0.025,0.008166110367542617
0.017647058823529373,0.025,0.025,0.008149915315739767
0.02030677772108102,0.017563881585248943,0.025,0.007777275046977929
0.0276275732607211,0.0187551041709468,0.025,0.007863146156244283
0.038851971038727916,0.01823951021174023,0.015755582108938144,0.008096271598256254
0.060000000000000005,0.025000000000000005,0.017644961416750433,0.008559168469095447
0.04216776254377333,0.025,0.01831943597647346,0.008347778498424545
0.0469543138650733,0.020478368472775673,0.01720901363605794,0.008229799079374244
0.051740865186373275,0.01595673694555134,0.016098591295642423,0.00816702823226739
0.04937916558244404,0.025,0.0186705412980736,0.008419980119194504
0.055305197772346555,0.025,0.019908582269635593,0.008494068930483262
0.048759313598993735,0.0015097661295607459,0.009638636885483295,0.008063031647397067
0.059999999999999984,-0.011382194379999365,0.01637370677464444,0.008186374519865373
0.055685971105424434,-0.01769006498240645,0.020951470655164058,0.008187376713154984
0.04708502457231611,-0.008616058664860272,0.015142678760081765,0.007995885694306034
0.059999999999999984,5.489082975673742E-4,0.015378377632225354,0.00810500766542368
0.05294117647058823,-0.025000000000000005,0.025000000000000005,0.008416920121064157
0.04588235294117646,-0.024999999999999998,0.024999999999999998,0.00832619996750203
0.05242647705922339,-0.018383442399084852,0.025,0.008067816259257626
0.05617451754801174,-0.021581549598935306,0.025000000000000005,0.008266687188685746
0.06,-0.025,0.025,0.008517185683121757
0.05999999999999999,-0.01721493824556305,0.025,0.008114489020449948
0.06,0.011920557417102528,0.015533937000127077,0.008213457009955008
0.05999999999999999,0.020491127481294245,0.01871893344367035,0.00838584191238183
0.03176470588235293,0.025,0.025,0.0082216129309841
0.03382267038525824,0.019535574173030153,0.025,0.007941930618338613
0.03882352941176471,-0.025000000000000005,0.025000000000000005,0.00827072097014305
0.035482331947956774,-0.01752832073930955,0.025,0.007868317494053303
0.04375982230087071,-0.016894055442311963,0.025,0.007914280858991285
0.018482113336438774,-0.009135594903623444,0.025000000000000005,0.007514435104054347
0.017623916661404046,-0.009695551129245451,0.011696870395437091,0.007850809016645364
0.02411706718186395,-0.011008649468895607,0.01569896277455739,0.007833837317593302
0.03176995360711174,0.010823409606451152,0.025,0.007632319003525262
0.03751862719798749,0.007599902118721225,0.011459028723946567,0.007951333227459546
0.03866596722668268,0.002116206586871207,0.025,0.007556018727594455
0.027409692965570533,0.009369066079270365,0.012992835886334519,0.007876603306186478
0.04240219031401242,0.010201337580507052,0.01822951436197328,0.007906952647193478
0.017300758733153575,0.011138230039819503,0.014526643048722471,0.007822770558681014
0.024230665187062708,0.0021558767922708333,0.025,0.007449277118362578
0.03407064885028298,-0.005191896706564398,0.01613838379219541,0.007815510891786738
0.02370500221085977,0.011958276774928105,0.025,0.0076121911236460005
0.04138924764663514,-0.009685213554561076,0.025,0.007675602015434961
0.03626720973444154,-0.014429221216577108,0.0141089045622545,0.008002397027065435
0.05169047987268686,-0.01147596147315496,0.025,0.007827138018504808
0.038823529411764694,0.025000000000000005,0.025000000000000005,0.008266628031482308
0.059999999999999984,0.017214938245563055,0.025,0.00812177275238985
0.042091785440931936,0.015358138728239691,0.025,0.007837399747639811
0.052479721419142755,0.01024740735634607,0.024999999999999998,0.007802170851244873
0.05292766083173054,0.018658590826322305,0.025,0.008094214581595436
0.06,0.025,0.025,0.008509688842445108
0.04588235294117645,0.025,0.025,0.008336195104551733
0.0529411764705882,0.025,0.025,0.008420660326263313
0.051163849962785016,-0.002055765898545066,0.025,0.007671946476256329
0.059999999999999984,0.006636847600868687,0.025,0.007823340844346886
0.05999999999999999,-0.00663684760086869,0.025000000000000005,0.007825075670313552
-0.03730499451958781,-0.014634279468749265,-0.013028063995612562,0.008028017992441313
-0.036789904949001424,0.00949704369986464,-0.010919568796268563,0.00796669935843745
-0.0358092427009726,-0.008326718349688402,-0.004448713413811707,0.00800271080490216
-0.02848053372317208,0.0020603950721087582,-0.011175416713947214,0.007843652174335733
-0.035404826300396534,0.004152456279113227,-0.004252972139793022,0.007976113503129805
-0.02716394980186666,-0.0125,-0.0018562627905211867,0.007986929133212048
0.0068051712738711415,0.013739896709123773,-0.00850418663413046,0.007896510007107381
-1.4730084935001694E-4,0.0125,-0.006535016316983388,0.007888030521801821
-0.02268471128151741,0.01115593661108822,-0.0024189501771520964,0.007944694199838533
-0.013450952625646833,0.0075736223111218075,-5.203003400196555E-5,0.007882179286001295
-0.014477446301307376,-5.710905778734417E-5,-0.002159250633572855,0.007856105541441156
-0.011561912722789152,-0.006770120664001158,0.002710718151463037,0.007866786258484975
-0.03187588770389926,0.01177772843506315,0.006407883869999999,0.007992345460407281
-0.02019810824437775,-0.009366316766271844,0.0024118833066782194,0.007916721234431212
-0.03834199108929402,-0.0010791838199503039,0.006541080231990343,0.007975580387729166
-0.04354564251306256,-0.014980237596885444,0.011202800720606577,0.008108000752799991
-0.026534601577725435,0,0.0021374707367482655,0.0079144898544437
-0.018732077205320018,0.009579496855594491,0.008043176879099116,0.007885311049218429
-0.018633384019465984,4.0551661419028974E-4,0.005770450469195825,0.007854600668096845
-0.01347840353782121,-0.009358139470243849,0.008367496630238027,0.007857307286004875
-0.0030928512444138765,8.807067793454338E-4,-0.00131773912158449,0.007836331921759518
0.0080501658519027,-0.006320048544663308,-0.006497235077590516,0.007833888282982824
-0.00324583122099712,-0.008347498832813731,0.002398642392261782,0.007868060419665434
-5.718708749628011E-4,-0.013736021065036729,0.011766458683978439,0.007865640573770124
0.016094995529118965,0.009503414308721385,-0.007426134835268066,0.007876492013040566
0.024726823963854075,0.013188271897946528,-0.003029796414572677,0.007977604669258
0.028820319151216134,-0.010407521422752879,-0.006365798496296968,0.007960091956866025
0.0025550709688651864,0.008694115019909751,0.0027377957768586355,0.007867670080685812
-0.002492234444332461,-0.003059845187079355,0.009631076874713668,0.007783341183202009
0.03266561866998242,0.010210033676130804,-0.011658636769239165,0.007936190688542791
0.047285218286028614,0.01468819731549565,-0.003902642622282721,0.00818345875628797
0.019271138413881034,-0.011168687583821776,-0.0019197263100927695,0.007932359874083065
0.008311905079436814,-0.013841700000978943,0.014781530102180982,0.007844675692765585
0.035092122933984955,0.008904967897426015,-9.980402264629874E-5,0.008008676790223428
0.013187592055624572,-2.762353356844328E-4,-8.324785972344194E-5,0.007854576671661555
0.00862671308849104,-0.008778238647804896,0.008341944051984245,0.007843487763132153
0.012939760725519361,0.008694115019909751,0.008031946984072797,0.007853437788923294
0.01937452758711155,0.01145800346220658,0.00474531208798086,0.007926283160826976
0.0265346015777265,0,0.0021374707367334787,0.007910384508836821
0.037125701041099704,-0.008166968077057692,0.0012178881116768222,0.008023752954133637
0.029710347526481162,-0.01277440588037653,0.006744375412983758,0.007992951549449864
0.04326730078886324,0.004376394630991296,-0.002081942552106869,0.008057406987447736
0.040085795826852025,-0.0023111260594266755,0.008058591009171097,0.007982017714918504
