X,Y,Z,Bz[T]
-0.024999999999999998,-0.013732981867266143,-0.010641221618959796,0.007260749639257851
-0.025,-0.019419057862745885,-0.007500137458500018,0.007360979295396151
-0.018069900444031003,-0.020397608276304404,-0.010321018377691902,0.007381777111604149
-0.019018709229565164,-0.01144475301733055,-0.005938852267884392,0.007252105246778074
-0.025,-0.013780742959668293,-0.003919432315545979,0.007286312217857823
-0.02069522726729643,-0.0067673783401683224,-0.009926902428514822,0.007180146249174303
-0.025,-0.006944323575119038,-0.006546701977493291,0.007209084824355791
-0.025,-0.009112107054451557,-3.6875082642188334E-4,0.007244315308236366
-0.020813956811565185,-0.00794090940874234,-0.003290492489480733,0.007228883761826173
-0.01928576163881084,-0.018260741380862828,-0.002838893959754186,0.007341719222921632
-0.019214296444943203,-0.01129560186165787,-0.0026326829760692293,0.007260263561837254
-0.025,-0.01935343956799033,-5.062372411564972E-4,0.007354783933141659
-0.025,-0.025,-0.0035714285714285765,0.007420572795425499
-0.025,-0.019888576127969078,-0.014315440904015493,0.007373158440174618
-0.01740435846234862,-0.015795216552608807,-0.013762020338114325,0.007276653320343481
-0.02500000000000001,-0.008696450056316677,-0.013615875960439495,0.00715946914898392
-0.025,-0.003155482524790164,-0.013117473290784686,0.007120047272428458
-0.020293687326314796,-0.009180108092288804,-0.016268856087277333,0.007125115421800612
-0.021508360456407333,-0.0049982424576256795,-0.015946450549206785,0.007082976671908292
-0.020927458449474527,0.008497368561800356,-0.009437786814032907,0.007201381452794525
-0.025,0.007185939113626994,-0.0066143730843056525,0.007210624396140649
-0.025,0.0032592801657451986,-0.013160919522878962,0.007120679185916994
-0.02013315636896565,0.004682461822908094,-0.005872580908110267,0.007198789046835988
-0.025,-0.0067300275609796945,-0.01890469048214398,0.007037462637635824
-0.025,-0.014301137704135025,-0.018574012760476204,0.007188080864335038
-0.0189745866090327,-0.018024973271882624,-0.01938101016905716,0.007288494702638955
-0.025,0.013638079671229089,-0.008600754941907492,0.007271197065075626
-0.025,0.010320657516965969,-0.013804588774273534,0.007178446736495875
-0.019779960793642786,0.005913763453886213,-0.015277575965360392,0.007102683093679142
-0.021155103358198663,0.014383339652764265,-0.012538708962909815,0.007260761258217203
-0.025,-3.41472478334031E-5,-0.019028077663706643,0.0069915994910239075
-0.025,0.018428180057379583,-0.014206112942517564,0.007335577257047861
-0.025,0.007037635943765769,-0.0191395595647288,0.007035983450589582
-0.02201409676507622,-0.005708165659364464,-0.020305790889381822,0.00699100223925447
-0.019851520423668986,2.5641360008225075E-4,-0.018891940950785068,0.006997720964333414
-0.01922125224938514,3.6185599764076504E-4,-0.011617413953305443,0.007131482087411253
-0.02026267167685408,-0.012090935832734108,-0.020639571622017034,0.00709319961696297
-0.019888028469247556,0.024999999999999998,-0.014316034636361843,0.0075211402010020145
-0.018159925957465434,0.01919313308470405,-0.012117736100787525,0.0073590976803718155
-0.025,0.025,-0.01071496745239522,0.007482499768870411
-0.01941564176216478,0.025,-0.007502620600160284,0.007447989058547255
-0.024999999999999998,-2.3178156097058283E-4,-0.006997089929969825,0.0071794106143500186
-0.025,0.0030737517345173423,-0.0020644212177037165,0.007206761372360081
-0.02242411612439767,0.012696751998392368,-0.0038059369581734206,0.007274039596931792
-0.025,0.01874529987172701,-0.006850339208761614,0.007350652177109251
-0.025,0.013424756406479325,-0.003146306276575646,0.007283958991772662
-0.01944032132074373,0.019176000187853672,-0.005442074008607811,0.007355321998441874
-0.01373875827361909,0.025,-0.010646739743904692,0.007476074111899469
-0.01374703320922787,0.025,-0.0038672043059412766,0.007420749296429885
-0.025,0.00822445802022257,1.8280754590763865E-4,0.007237807433275936
-0.010789639246525179,0.019023724039774814,-0.006520588070025457,0.007353762515318773
-0.020440122716050294,0.015790028145384626,-6.046982565122412E-4,0.007312810587432939
-0.025,0.018730353634171623,-8.17849582878203E-5,0.0073476772223101325
-0.019903325767149902,0.01016108591711483,-0.001387681263241502,0.007252630051160277
-0.025,-0.0026653439196178113,-6.750839127128705E-5,0.007208107319784897
-0.01875,-0.0019083065922833938,-0.002028943077139877,0.007203974273299083
-0.015952616602538973,0.00490001572584613,5.435963607482037E-4,0.007216258185933054
-0.025,0.002972439408697819,0.0022612220290956983,0.0072065595629123395
-0.018735442425713386,-0.025,-0.00688001641726948,0.007441287949146052
-0.025,-0.025,-0.010714285714285714,0.007479603006577025
-0.01841826239010438,-0.025000000000000005,-0.014216937796692298,0.007519894838638406
-0.013831386775145511,-0.020397608276304404,-0.01390559576953848,0.007387913456826311
-0.013574836918260648,-0.025,-0.008668540179974949,0.007457695526105894
-0.010258415087942403,-0.025,-0.014049171200962635,0.007516218825449578
-0.008477621638081833,-0.016728937151182295,-0.010804210842694104,0.0073106173451933775
-0.013291165435429152,-0.025,-0.0031457766648961376,0.0074185360225366365
-0.013206460818901849,-0.01589646940801669,-0.005326338298136959,0.007309265563188024
-0.0073415217220254595,-0.020472591229771034,-0.0033435550078473315,0.007367328438149554
-0.006996997255670946,-0.025,-0.006799272791933965,0.007442268574169394
-0.012897936468438788,-0.020472591229771034,-9.224757760387357E-4,0.007366025802138865
-0.008074270953830022,-0.025,2.2406316691090875E-4,0.0074081509050607855
-0.018688400156042694,-0.025,-2.7565951619089313E-5,0.007410415835802132
-0.025,-0.013555961556475121,0.002768805125643408,0.007285625403849156
-0.017515711625116337,-0.019956634455841785,0.002067416064140471,0.007360734201539533
-0.01754651154709499,-0.008410787751983482,0.0010667275013800774,0.007237044045008144
-0.025,-0.007418107562552472,0.006492534086248371,0.007213764398859997
-0.025,-0.0192272061303213,0.00629827539878286,0.007357240831440879
-0.02018658400227349,-0.019914635192864506,0.0073037850928820945,0.00736734093316473
-0.025,-0.01388135536382508,0.008212633383560763,0.007275695728414439
-0.016764012975180598,-0.01547161479993448,0.00420246769636143,0.007306044504342544
-0.025,-0.025,0.003571428571428569,0.007421131560842618
-0.019051560475964534,-0.025,0.0069578560576220305,0.007440567381604398
-0.025,-0.020557396179506644,-0.020254747257806884,0.007371370158583298
-0.003256584526809346,-0.025,-0.013040241598517313,0.007505805310846776
4.8799854797975E-4,-0.025,-0.007076995305200971,0.00744114004710707
-0.002742361305940846,-0.01904309513239806,-0.008540869551597451,0.007353631703869581
-0.003917824817033343,-0.017512691842822527,-0.016277419127112714,0.007295912389699445
-0.01992669295376294,-0.025,-0.020473108402931768,0.007570774224283392
-0.02500000000000001,-0.02500000000000001,-0.017857142857142863,0.007556708470146358
-0.014037566033016998,-0.025,-0.01997799473317871,0.007566246315033714
-0.010009714357329155,-0.019854465243223565,-0.019238847471157304,0.00734764137248356
-0.006988882267147502,-0.02500000000000001,-0.019096684773257443,0.007562955555229874
0.003160819037000072,-0.025,-0.013090240542123079,0.007501715246772685
0.004239412088495452,-0.01904309513239806,-0.00840302137221828,0.007353534154997984
-0.025000000000000005,0.025000000000000005,-0.017857551897130466,0.007553258318942008
-0.02500000000000001,-0.010714285714285714,-0.02500000000000001,0.006939641347710789
-0.019424252915238752,-0.007483306129489685,-0.025,0.006870728529576008
-0.025,-0.0035714285714285726,-0.025,0.006826979828997203
-0.025,-0.01785714285714286,-0.025,0.007177128436652573
-0.02054481475571678,-0.02025472999115644,-0.025,0.00729014052586851
-0.01430133475215108,-0.018586655347918295,-0.025,0.007210405866385858
-0.019883498063735974,-0.014317741582719791,-0.024999999999999998,0.0070427232122901254
-0.013940725654438447,-0.01270246549161486,-0.01863488862747501,0.007147474061065821
-0.020783846010256665,0.010907369630066005,-0.01860411857865596,0.007113220369210376
-0.025,0.013930101763093663,-0.019982027736942687,0.007156806152004664
-0.018729858740052476,0.01919313308470405,-0.018493901948092955,0.007333437005418797
-0.025,0.019928327489121676,-0.020465417223417402,0.0073458252060522086
-0.014301725080151095,0.025,-0.01857241254798716,0.007560726984699467
-0.008754232591661623,0.01892121528786127,-0.013544844061824273,0.007348604008327872
-0.008700044877791064,0.025,-0.0136060126577617,0.00750993483665237
-0.025,0.0035714285714285726,-0.025,0.006825231293491341
-0.006705356910402837,0.025,-0.018917450684447494,0.007559389403065417
-0.011453962460722833,0.016287764465557037,-0.019241837732943422,0.007230301313631625
-0.0031609161721126034,0.025,-0.013090314722545328,0.007508993892082922
-0.003899477084163159,0.01725186476582772,-0.018658749890693674,0.007266908847977766
-0.019272742586170264,0.006181919091219925,-0.025,0.006853491303274403
-0.020555507327338858,0.025,-0.02025495229477115,0.007570669026685832
-0.025,0.010714285714285718,-0.025,0.006941637463224851
-0.01941364683784319,-5.023955181496231E-4,-0.024999999999999998,0.006807237534753265
-0.017500688940660612,-0.006017814366270654,-0.020537530527629855,0.006986408009130693
-0.013759397548486738,-0.003972140352447966,-0.025,0.006828533831893087
-0.01353182440053704,0.0027538830829529903,-0.024999999999999998,0.006817161219184692
-0.013902615891484619,0.008167911151443795,-0.025,0.006884080105666645
-0.01678566660389603,0.007143404203409603,-0.019678405124070788,0.0070257622252963975
-0.012246489869453179,0.0024122708444468447,-0.01866387582003176,0.007006082833408825
-0.009088204180911007,-3.697992916837575E-4,-0.025,0.00680715905624372
-0.00941442551076079,-0.006157293930471552,-0.020550792651790734,0.006986096551786072
-0.013696452311502261,-0.010607066523381932,-0.025000000000000005,0.006935141858776945
-0.014116313471327923,-0.005241641497935341,-0.016642175241892758,0.0070686087241954585
-0.00683621372809701,-0.006516924861921855,-0.025,0.006852783340879439
-0.004754960482445827,0.001235451721681466,-0.021883437194700765,0.006913481041813038
-0.008656734432672994,-0.013622644420285435,-0.025000000000000005,0.007018833365375823
-0.005421363603778588,-0.011592893068925513,-0.01924836623414401,0.007109816002876821
-0.0030618181383714506,-0.013160402452205974,-0.025,0.006998848314092079
-7.864810556143693E-5,-0.006921831690980106,-0.025,0.006862653136461466
-0.003958755519408637,-0.005726415492074181,-0.018204053772515997,0.007039826182512403
3.8465906059063985E-4,-0.014536506900138113,-0.021320616577815234,0.007143245901900932
-4.701142043478476E-4,-0.0039013486464896815,-0.021602026886257997,0.006939224488104941
0.003290672884392892,-0.013264840337949337,-0.025,0.007008179179159641
7.168132691139085E-4,-0.010004010977888115,-0.01764123315563047,0.007112624068403948
0.007215675337736244,-0.006588334525250568,-0.024999999999999994,0.00685686873229842
-0.007349738530459572,0.006428742919186187,-0.025,0.006852538175740852
-0.005888617441244523,0.006672936799314928,-0.019004356061172473,0.00703162288004578
-0.004080684326383045,0.013053397280884895,-0.025,0.0070039345976379095
-0.0113555180985084,0.010505170863583166,-0.019241837732943422,0.0070890282766143085
-6.341616940365186E-4,0.007039061528798345,-0.025,0.006864992742691715
4.7548485468670783E-4,0.010402553352571203,-0.01720153555299959,0.007127666270144957
-0.003138126871667252,-3.425850755717219E-5,-0.025,0.006804140829319264
-4.2171678398064677E-4,0.0028407027350466894,-0.018766874389401524,0.007006773652449563
0.0030185271107129423,-0.0020762818009051817,-0.025,0.0068135985420768215
0.0028314356972684923,0.0024670274497502684,-0.025,0.006817076300131806
0.003838015277984566,0.005561675802583736,-0.019655003176561676,0.007006411552955706
-0.024999999999999998,0.024999999999999998,-0.003572246662065084,0.0074214368773329225
-0.01941354266789505,0.025,-5.37884984481438E-4,0.007411969979257957
-0.025,0.025,0.003570610475815493,0.0074206881391868885
-0.020642193968243253,0.018663220841666318,0.0041504892645555375,0.007347825630773577
-0.006966522104281704,0.025,-0.0065237441139796085,0.007442678287969879
-5.596351040062564E-4,0.021085779082211167,-0.011509027260346227,0.0073996701569296625
0.0032567225372595043,0.025,-0.013040284736568923,0.007506852469751357
0.006997183813000796,0.025,-0.006799359550277629,0.007439387106618714
-4.8800353801348173E-4,0.025,-0.007077100821297894,0.007441671682619538
0.0062182788020571375,0.02024794256587047,-0.011649856603797049,0.007381884344329314
-0.0011279417815310184,0.019553648376662715,-0.0027180114653120925,0.007355679789695966
-0.025,0.012869506922721144,0.003456935638752441,0.007278245734063108
-0.025,0.01897227266134481,0.0070118531220336525,0.0073547287411395166
-0.0162843879364865,0.018354169021987828,0.0012891254070774233,0.007341316257124366
-0.009083532879677399,0.025,-4.144979423290167E-4,0.0074122122216296795
-0.01351880680678827,0.025,0.0026630146886357717,0.007415079804866956
-0.019315186733939352,0.025,0.006138008706861868,0.007434734026189553
-0.019077616602538972,0.00920944375106189,0.0049879193054660044,0.007234799882250062
-0.025,0.006710549458148125,0.006859702812295726,0.007206757783524226
-0.018789318498235442,0.014617168222323638,0.0072249466456525135,0.007289599971066333
-0.025,0.01374368259094342,0.01041094237665359,0.0072635842549609595
-0.018501020393931908,0.020024892693585386,0.009461973985839022,0.007374808215553429
-0.020446609657812486,0.00983758793361422,0.010429689857333335,0.007207984857532055
-0.025,-4.235868313598838E-4,0.006883653634742415,0.0071802933515714516
-0.017882469287028614,-0.0030270012754168452,0.00496219293384138,0.007195934245914157
-0.010260706517331112,0.018354169021987828,0.0047826346329832405,0.007344362997175308
-0.025,0.008423460153166707,0.013438554681247342,0.007158961938729914
-0.01931956245262667,0.002899855708774706,0.010049554856824737,0.007155965701172871
-0.025,0.00298493637586077,0.012953886933836803,0.0071214660131518615
-0.025,-0.003918780563428391,0.012982071036361086,0.007124139621877737
-0.021985627620984625,0.006688862198812839,0.013694894852489432,0.007136990596984722
-0.021248986736954606,0.010356238042501605,0.017282316955144244,0.007127649432080155
-0.012758454477747252,-0.025,0.0034860510061980217,0.007416746622845145
-0.008175111146514568,-0.021561246207393067,0.004675102205677227,0.0073832392147204695
-0.015373168004546977,-0.020602064255407712,0.008309294786981329,0.007380556869130787
-0.0029182172973759024,-0.025,-0.0021078369560586126,0.007413504164116507
0.00696654953320165,-0.025,-0.006523576433175622,0.007437085830623297
0.008700004839030788,-0.025,-0.013605966080484769,0.007507238815105617
0.0019776424345787393,-0.01874999671962499,-0.0020376068611008573,0.007345846822365917
0.0027329984219672913,-0.025,-6.403175728038162E-5,0.007407376819639152
-0.0028720923767599424,-0.025,0.002217790489054638,0.007413469125089689
-0.006704900174260965,-0.025,0.006960361427528428,0.007439662030913393
0.005830589259785104,-0.0018971306490016798,-0.019312780282101476,0.006990015534969918
0.010620657615643556,-0.007343022529144981,-0.019241844191535774,0.007036323682823448
0.00534370853129662,0.01908645807248811,-0.004380233960328059,0.007351978671230271
0.009083497719256367,-0.025,-4.144768054700661E-4,0.007411244662500044
0.010306118391512542,-0.01874999671962499,-0.006307042526703507,0.00734705793336421
0.013738734616491707,-0.025,-0.010646708287263912,0.007477217469443605
0.014367349618577302,-0.018687824994257075,-0.011678481468928867,0.0073480708959955485
0.013747004333066762,-0.025,-0.0038672559746801075,0.00742227093671793
-0.0035917678152818876,-0.018122492414786136,0.005864153405156434,0.007340013511683922
0.014727817381142901,-0.018981202235628526,5.304532655668744E-5,0.00734900711787588
-0.02500000000000001,-0.02500000000000001,0.010714285714285711,0.007477003475091413
-0.01967613298040253,-0.010909867821491635,0.00886709493660146,0.007230960259589389
-0.01967613298040253,-0.00592858042129329,0.011251813763001621,0.007158008398024932
-0.025,-0.010796149606871565,0.013165677427904823,0.007193199022163385
-0.019461734316267333,-0.00392133560366912,0.017311487824316348,0.007047067093462064
-0.025,-0.007153878890661049,0.01881336875447613,0.007047051007146425
-0.013651637765594991,-0.025,0.01051619300218179,0.007476137701944895
-0.006875714073164912,-0.02124749405497364,0.011059715190154825,0.007401672457524511
-0.008369437941549452,-0.025,0.013483099619830671,0.007512905486036392
-0.01234712082427993,-0.021481843814793056,0.0159339476489037,0.007418865571984521
-0.025,-0.01850591253145216,0.01387844919556628,0.00733764547893076
-0.01834738776656471,-0.01735502052113379,0.011769591355953454,0.007318274874836436
-0.019655517935353237,-0.025,0.013960550135573832,0.007513681450544072
-0.02070769326978475,-0.015313502458309957,0.014742047124304679,0.007256096922250892
-0.017857142857142856,-0.02500000000000001,-0.02500000000000001,0.007546821119874398
-0.025,-0.025,-0.025,0.007548936484604422
-0.006681747287931809,-0.018979941662420934,-0.025,0.0072251234972116486
-0.010714285714285718,-0.025,-0.025,0.007548488697671294
0.0035497904927209068,-0.020268598135991796,-0.01762932243285375,0.00737821170114294
-5.474056488096249E-5,-0.025000000000000005,-0.019058105785937408,0.007561385365456147
0.006705326120142388,-0.025,-0.018917389776468625,0.0075650675589262525
0.010728014920305595,-0.020268598135991793,-0.01738645577373099,0.007380130220190201
0.007043155703455378,-0.01916451063643302,-0.025,0.007240492099344369
0.007154321550322775,-0.015537196271983586,-0.016200539079770086,0.00725088642964365
-0.0035714285714285726,-0.025,-0.025,0.007545367043736511
5.250485206737118E-5,-0.019069002822388114,-0.025,0.007233012645131525
-0.025,0.025,-0.025,0.007550119149816022
5.4736639133474985E-5,0.025,-0.019058121403655544,0.007560397960819567
0.014301708290288415,-0.025,-0.018572372467691896,0.007564140336672211
0.018428580845642063,-0.01862565326888916,-0.017049920411154225,0.007326908054343624
0.019888034272920223,-0.025000000000000005,-0.014316030789467925,0.0075184443775380755
0.020555503201032548,-0.025,-0.020254937173006755,0.007570012392370201
0.00833313179447294,3.512083513156454E-4,-0.025,0.006808117267068606
0.003751207248323432,0.017786562634742476,-0.018215021628980806,0.007291881414175928
0.006988916706722371,0.025,-0.01909676617569144,0.007560897584394292
0.0027092757938309495,0.013107440503708514,-0.025,0.007005073275121408
0.006616168209201936,0.007149342840781659,-0.025,0.006863304115859031
0.00860895525394421,0.01029734761793834,-0.019716288343395977,0.007074155094590515
0.010248883661481906,0.002705306540177251,-0.018467522614194817,0.007014516810431231
-0.01847663839565935,0.013762321212397136,-0.025,0.007028468407913682
-0.02500000000000001,0.017857142857142856,-0.02500000000000001,0.007173028941212704
-0.010743324006450427,0.013184854590695065,-0.025,0.007002449488252496
-0.0072670054617580745,0.019264043053919648,-0.025,0.007240065892919476
-0.010714285714285714,0.02500000000000001,-0.02500000000000001,0.007542508941088886
-0.014099504615913486,0.019733098355391537,-0.025,0.007264633708377796
-0.01961523276544322,0.020317277236579577,-0.025,0.007298174721063911
-0.01785714285714286,0.025,-0.025,0.007551864118858843
-0.0035714285714285726,0.025,-0.025,0.00754447105895396
-4.331785270931497E-4,0.019146726789197183,-0.025,0.007234363885764944
0.006289298989219065,0.018749212549595305,-0.025,0.007214292327519152
0.012833377748179324,0.00362218746701036,-0.025,0.0068244874273309525
0.010714285714285714,-0.02500000000000001,-0.02500000000000001,0.007552849282555874
0.013450224922868565,-0.0031550118156630884,-0.025,0.006821803400056027
0.013926927145949699,-0.0199800617351194,-0.024999999999999998,0.00727552372661184
0.010294756973759239,-0.013824294318422126,-0.025,0.007029478285450051
0.013298207732005409,-0.01303780042810022,-0.01942245182465085,0.0071429336455976055
0.013637998250783951,-0.008611652514322794,-0.025,0.00689663949284668
0.01843432370039938,-0.014208499184864554,-0.025000000000000005,0.007042414781821617
-0.025000000000000005,0.025000000000000005,0.010713603963156564,0.007478237321684836
-0.025,0.019751937802379792,0.014055553995519193,0.007372390521675419
-0.025,0.013872867673630003,0.01832909566988026,0.007181509758292695
0.01025846678266835,0.02500000000000001,-0.014049224592493737,0.007515819601514333
0.01048855583946081,0.020504969683313737,-0.0164768014140477,0.007388325164074994
0.014037593038261484,0.025,-0.019977965590396454,0.007565838298187251
0.0029182823901183,0.025,-0.002107814654498774,0.007413071507152841
0.013574880951521753,0.025,-0.00866856856417845,0.007463241250635762
0.009699518894861515,0.021758278295285833,-0.0058045346506190735,0.007392069916073454
0.013291221743509378,0.025,-0.003145817008660892,0.00741486884322534
0.008074351461263745,0.025,2.2400140307875932E-4,0.007408848397397111
0.003761642695374178,0.018516556590571664,0.0015680679428452698,0.0073421234138627365
-0.0027328856731353712,0.025,-6.400629596104573E-5,0.007408052556441623
-0.0026190541755084567,0.019994881309201892,0.0025425694650300927,0.007360850445017283
0.0028721555273465912,0.025,0.0022177778095323064,0.007412854646527786
-0.007366179829584277,0.025,0.006449133467330198,0.007436363474191305
-4.729755450068804E-4,0.025,0.0067892354619358,0.007438003473782018
0.01989996655556425,-0.011564216867887145,-0.018097250614214938,0.007135278379036922
0.01825028503593118,0.0023320788645328715,-0.020693515545171202,0.006958758806023294
0.018418305839797526,0.025,-0.01421694362166473,0.007518843496867549
0.013988194972199245,0.016009939366627472,-0.01385683665240396,0.007282757809503914
-0.018476784143055203,0.025,0.013762412981255176,0.007517614112361061
-0.013858080674774974,0.025,0.00820252685710663,0.007450395511630892
-0.011332889066778892,0.02133690824299044,0.011783290736634812,0.007406489604982284
-0.020572879066454157,0.01769408583954301,0.0174418444750132,0.0072971007063408625
-0.0032100913165489338,0.019994881309201892,0.009088578838398361,0.007371203822716106
-0.010742062492507226,0.025,0.013186154753834965,0.0075169030061726
-0.016353746415630133,0.019557101382369015,0.01632769130683163,0.007359483076665292
-0.003914959955216325,0.025,0.013028012450775492,0.00750539934249315
-0.00880769745878281,0.01767381648598088,0.015364054616162992,0.007311741667103071
-0.025,0.006263318588446566,0.018808767417226528,0.007037684508845814
-0.025,-3.8058931188517803E-4,0.019074385744594434,0.0069942830155179155
-0.025,0.010713603963202046,0.025,0.006945358999560577
-0.020227226781329953,0.014001992389733469,0.020089564723619835,0.007156113793787308
-0.01874978764419611,0.004067312803285876,0.019130105541990624,0.007007292180198956
-0.01926817601020899,0.006192771781143379,0.025,0.0068551090329689104
-0.01765109854807448,0.010669350785430737,0.020580720193357122,0.007063761169348465
-0.014098948498399586,0.025,0.01973266686811949,0.0075660023746889115
-0.011454009549598925,0.018703143734795206,0.020182027308081496,0.007300930994393085
0.004112192793494643,-0.02108728977130952,0.00414442121333162,0.007376360537906443
4.7306376768960906E-4,-0.025,0.006789268226485257,0.007442740652395132
0.00736618085850106,-0.025,0.006448887931720033,0.007433614229842747
0.007751321819299676,-0.017174579542619035,0.0014995742001779823,0.0073266773645355105
-0.0027692339330477496,-0.025,0.013031618705373525,0.007512030301730155
-2.0690346454217662E-4,-0.018396497375321626,0.015054006833113476,0.0073326809411026995
-0.007046527972068861,-0.01749498810994728,0.015159068952781223,0.007305477335324915
0.01751978322374449,-0.0023304752620336958,-0.016387031090342404,0.00705818020632013
0.01949409748609962,0.01828366932620544,-0.017055799514307697,0.007316685346141563
0.018735480535765868,0.025,-0.006880039317284321,0.00744139866924539
0.018683055637837436,0.019919555822455144,-0.010411192322282393,0.00737408947416372
0.011306920396990454,0.020047825293335955,0.003281865551988499,0.007361550285665235
0.018818118108888043,0.019919555822455144,-0.0033165201215125594,0.007360866726808368
0.013518883679019114,-0.025,0.0026629516701083093,0.007414984638242678
0.009567852523380119,-0.020705636974685367,0.008677587863249339,0.007382168608161598
0.025000000000000005,-0.025000000000000005,-0.017857551897130466,0.007550995541079651
0.025,-0.019928325241008328,-0.020465406269794574,0.0073457729011540485
0.019413549015198678,-0.025,-5.378522648848347E-4,0.007412085496429985
0.01765305919575627,-0.01874766996705136,-0.006578710202449966,0.007350335165745017
0.025,-0.018428220531589462,-0.014206118915531842,0.00733743470967425
0.019415662125231055,-0.025,-0.007502608189939003,0.007451137485882356
0.019683674809288648,-0.01855802276292327,-0.012942300192230353,0.007344809808649924
0.025,-0.025,-0.01071496745239522,0.007483570639892147
0.016952720667387136,-0.02054963272012459,0.006059799513312833,0.007374132784207207
-0.025000000000000005,-0.014252208550440949,0.019708022574374172,0.00716930880218429
-0.025000000000000005,-0.019627256829602636,0.020309318359098938,0.00733571841443853
-0.025,-0.025,0.01785714285714285,0.00755374045837444
-0.0062622828649987194,-0.025,0.018814870373850462,0.007560604882111163
-0.02060401783775362,-0.01080070393200245,0.020315771743919638,0.0070740252577757845
-0.025,-0.010714967452304266,0.025,0.006941446067457489
-0.0198881104270488,-0.014316012096670924,0.025000000000000005,0.0070449119858350786
-0.025,-0.0035722466619741264,0.025,0.006828876260816519
-0.019372742605128602,-4.930408224285317E-4,0.025,0.006811861063201813
-0.019412730877279204,-0.007503254876688296,0.025,0.006874338238246743
-0.015252718367364146,-0.006032844592813888,0.020583630074320344,0.006988972357279147
-0.01632480370701041,-0.01796368762958612,0.018384795677976726,0.0072953393126558965
-0.013873486569025026,-0.025,0.018422905784817693,0.0075628652704987955
-0.010674373809762487,-0.01803367142399286,0.02007953447639061,0.00727400574324465
-0.02022816572808661,-0.025,0.019497815718560005,0.00755705541173209
0.0035714285714285726,-0.025,-0.025,0.007549996098185972
0.0035714285714285726,0.025,-0.025,0.007547096029698219
0.019926691066438684,0.025,-0.0204730988414923,0.007573172365364889
0.025,-0.013930067041879511,-0.019982007866450262,0.007155652305463725
0.025,-0.010714285714285718,-0.025,0.006942716796781848
0.025,-0.025,-0.025,0.007549395327507445
0.01785714285714286,-0.025,-0.025,0.007550799803605677
0.019928408825427794,-0.020465202759514543,-0.025,0.007305430013438887
0.02500000000000001,-0.017857142857142856,-0.02500000000000001,0.007173106500952427
0.0187379079572374,-8.684896035652395E-5,-0.025,0.006809665175971448
0.025,0.0035714285714285726,-0.025,0.006826008713470454
0.018980786848117874,0.006994632991099439,-0.025,0.006868526007576666
0.015382391318393156,0.008748868769974185,-0.01751088096646053,0.0070970047288480866
0.010714285714285718,0.025,-0.025,0.0075439706510623105
0.009354770191377619,0.016994698382321018,-0.02073840070702385,0.0072305042406162106
0.01386033305949648,0.01841198183235827,-0.025,0.007203887023278595
0.017857142857142856,0.02500000000000001,-0.02500000000000001,0.007546050173011552
0.02023605094293398,0.019520012597137308,-0.025,0.007256154326392334
0.013485740584485833,0.01051563707034469,-0.025,0.00693557425308192
0.019921301410926785,0.012637301640808486,-0.019538031206196748,0.00713142281052486
0.00822098454329443,0.0134844270813283,-0.025,0.007018813394312953
0.013736967778342539,0.013262788218486081,-0.01942841832620198,0.0071487585704765755
0.01965140716265699,0.014033660908151651,-0.025,0.007037909310213042
0.02500000000000001,0.010714285714285714,-0.02500000000000001,0.0069416678505791135
0.018761880714164653,-0.006866267210139325,-0.025,0.006867743209266673
-0.01847678566339841,0.013762414176288143,0.025,0.007023208594451862
-0.019615008208591925,0.025,0.020316918418505414,0.00756647241126399
-0.017267199936983117,0.017169258795152097,0.02104122015942493,0.007231963159441337
-0.025,0.020218505953103143,0.019465070863452894,0.007366959085044284
-0.025000000000000005,0.025000000000000005,0.017856733803914712,0.007556376755862562
-0.025000000000000005,0.017856733803914712,0.025000000000000005,0.0071802467922548185
0.002769262389171641,0.025,0.013031646661982435,0.007505786438559807
0.006188324379307671,0.020870869587643698,0.010038510214978003,0.007389936307009158
0.006705008659569677,0.025,0.0069603231794816145,0.007437486312668362
0.012758427438975317,0.025,0.003485926302187102,0.007417846689134435
0.01868843078189874,0.025,-2.7599220125061955E-5,0.007410588485072308
0.01626408605266695,0.02111226926223756,0.003201361390107284,0.007374773220133371
0.024999999999999998,-0.010320699899942564,-0.013804665731737078,0.0071769630824115955
0.02065082924512579,-0.009106115523432773,-0.008187429002968694,0.007217554216140045
0.025,-0.013638129483154675,-0.008600795825252578,0.00727044994444975
0.01630165849025158,-0.012251306537778315,-0.013844903649301698,0.007206215129565081
0.025,-0.0035714285714285726,-0.025,0.006822963486472377
0.025000000000000005,3.411535426139228E-5,-0.019028244937809146,0.006993894222373675
0.021259891611872243,-0.00632558758098813,-0.01509584841103974,0.007111364517526765
0.025,-0.00703769346379053,-0.019139639116456948,0.007038416085946349
0.025,-0.007186079561800273,-0.006614455505496282,0.007210449802808132
0.025000000000000005,-0.0032593612676354577,-0.01316100401912711,0.0071193099859389875
0.02065082924512579,-7.092804847812022E-4,-0.010445791475243806,0.007144815466536442
0.025,2.3181381396830854E-4,-0.006997251090311235,0.0071787610285196065
0.01630165849025158,-0.004574101563710868,-0.007774062180684811,0.007185099249284521
0.025,0.025,-0.010714285714285714,0.007479945868596576
0.025,0.006730056336318742,-0.018904719041663236,0.007039106085384514
0.020191195659196578,0.005952204682061324,-0.015314200868131664,0.007101077341539135
0.025000000000000005,0.014301154378134662,-0.018574049709587218,0.0071894346864605895
0.020191195659196578,0.01124094237346532,-0.014076062412393502,0.007189038874456103
0.02500000000000001,0.02500000000000001,-0.017857142857142863,0.007553099985995339
0.025,0.019888569986846148,-0.014315444396259744,0.007375559854954
0.025,0.01785714285714286,-0.025,0.007176942294514169
0.025,0.020557399285783408,-0.020254762376211433,0.007372014251116655
0.013651096899610768,0.025,0.010516641338630756,0.007474241989124121
0.008369449912835879,0.025,0.013483201629038065,0.007515014321077568
0.011676847164545544,0.020501979837258624,0.016195330931215363,0.007388227452082241
-0.019615008649021406,0.020316917915069024,0.025,0.0072951684295786
-0.01785673380394436,0.025,0.025,0.007549628301457227
-0.014100321640415041,0.019732470983609533,0.025,0.007263772895587696
7.476255860940362E-4,0.021239759338028776,0.015714568286635817,0.0074114637189118095
-0.004587758767722794,0.02133690824299044,0.017263774902809236,0.0074156073218591715
-0.007241686809716692,0.025,0.019211784698212823,0.007567234362602237
-3.6782007666277816E-4,0.025,0.01916349518945548,0.007564562848137138
0.006262297742134848,0.025,0.018814888803220402,0.007555964060130827
0.005541700397136335,0.018867464950486613,0.01862855836419432,0.00732508518689154
-0.0038688494580478607,0.01298453998556131,0.025,0.006997348501762278
-0.0033461008869583165,0.008585453989317652,0.020903922269576297,0.007014378623598919
-0.001002889104598505,0.015232029330809431,0.018632820691908077,0.007211821680500779
0.002782204905836052,0.013027660078501972,0.025,0.0070012886126682205
-4.079157301264489E-4,0.006715735319873968,0.025,0.00685794076606139
0.004127016087354977,0.006515053747282316,0.019084482730219045,0.0070300688655740365
-0.025000000000000005,0.003570610475860971,0.025000000000000005,0.0068270393441861804
-0.010774563322485654,0.013178620142305279,0.025,0.007006125088805524
-0.014230708688205059,0.014114202764738026,0.018892969632408087,0.007178438098008396
-0.006338273458415335,0.015329178235771096,0.020182027308081496,0.007187262116267523
-0.007426913944484635,0.006488527096973319,0.025,0.0068524898703854
-0.004520325060074905,0.003585476996030861,0.018497508121952708,0.007018737946544128
-0.011134740778548322,0.00710506622318594,0.020143317541437777,0.007009446493484833
-0.013524073765936803,0.0027591537115517276,0.025,0.006816966606062373
-0.013260614812439701,-3.2494651076658967E-4,0.02088333892778686,0.006941884024258872
-0.013873899611083922,0.0081952593831735,0.025,0.006886726442034024
-0.007249343566872077,0.019199440938056495,0.025,0.007238932150805041
-0.010713603963896805,0.02500000000000001,0.02500000000000001,0.007545989406989542
0.003915238418570367,-0.025,0.013028206150494381,0.007503107654186899
0.010741986629614127,-0.025,0.01318602458456515,0.00750521426729014
0.007968975913238247,-0.019867566674644847,0.014819844724178008,0.0073707625276397655
0.013858097930868498,-0.025,0.008202385804791823,0.007454093358200022
0.014136525037960642,-0.020350163769483287,0.012353600784632853,0.007383927370691193
-0.0034468231695517887,-0.01866849047079395,0.02002700341655674,0.007299178218467264
-0.010714967451577025,-0.025000000000000005,0.025000000000000005,0.0075427762690972976
3.678758728319839E-4,-0.025,0.019163495247209256,0.0075634448848858745
0.0033894438755968192,-0.018746253156699637,0.02002700341655674,0.007304764800367467
0.025,0.025,-0.0035714285714285765,0.007419739358814448
0.01875,0.00356111421984827,-0.004495355228298812,0.007198397486705056
0.025,0.006944322205952423,-0.006546794182698922,0.007207927733387853
0.025,0.003155540594148463,-0.013117520769802798,0.007118390322789571
0.017279042052300485,0.006982100469603684,-0.010021761932921057,0.007180235215398399
0.025,0.013733015976956454,-0.010641243858326474,0.007260342532257016
0.018947805435877343,0.014839111644910285,-0.006605441022900057,0.007293772927271674
0.025,0.008696473429455976,-0.013615907634261515,0.0071579777938098575
0.025,0.019419039953584898,-0.007500147350283247,0.0073619825412995325
0.025,0.013780816129956429,-0.003919421174966679,0.007286695843575336
0.01961615517877651,0.011832508292158568,-0.001260978749473971,0.007267759759294057
0.025,0.009112041887654243,-3.688232786434164E-4,0.007244125144421323
0.01837788943972998,0.0037744414054849133,0.009410879840068404,0.007167166211001387
0.025,4.2356499457252457E-4,0.006883795882361947,0.007180726757688495
0.01762277652741303,0.003067094040498625,0.003115065416418217,0.007202120458595815
0.025,0.007418050512966054,0.006492776715616112,0.007212610540961553
0.021746524741734552,0.007183618256670977,0.010687489615254071,0.007175222943616843
0.01850652997649697,0.009971633738628638,0.006605958237607856,0.007235886116184466
0.019051864806641776,0.025,0.00695815591036212,0.007440461729413
0.01807460572813594,0.019764200336488465,0.011314010380405621,0.007372623656369476
0.025,0.013555843350147777,0.0027689585894482213,0.007286215684842433
0.025000000000000005,0.019353426462278344,-5.061367448433059E-4,0.007354756924400443
0.019862946655397118,0.017393264503086335,0.003180940185363878,0.007331665428032787
0.025,0.013881325148813147,0.008212801495433186,0.007276119156686776
0.025,0.019227244965480707,0.0062983245591058615,0.00735822526138179
0.02104867332481505,0.014204862910895039,0.011941333172941155,0.007261810481442886
0.025,0.010796205164130254,0.013165813692586348,0.007194063391306695
0.019315160849728057,-0.025,0.0061379692600700975,0.007436180004463629
0.025,-0.013424815503264123,-0.0031463452678467674,0.0072841436486265135
0.025,-0.008224613849760622,1.8282395740757545E-4,0.007236794732782671
0.01593675108326669,-0.012962404471257055,-0.0025568610169949342,0.007277872148215353
0.01986390869057145,-0.015925380570861784,0.001754994163174205,0.007313469866798718
0.019095952238586362,-0.004636067657340365,-9.665563008812598E-5,0.007214077515251719
0.025,0.002665370162617881,-6.748672394090403E-5,0.007207887334209202
0.019095952238586362,-0.00288737986832682,0.004377460300241884,0.007198967646613839
0.025,-0.0030738105834545656,-0.0020644359782980726,0.0072077663944570235
0.025,-0.002972520484727452,0.002261295095963723,0.007207053181928866
0.025,-0.025,0.003570610475815493,0.0074190569179936675
0.025,-0.018730398547601196,-8.182967327220562E-5,0.0073468012142041605
0.024999999999999998,-0.024999999999999998,-0.003572246662065084,0.007420376611160365
0.025,-0.018745343214477732,-0.006850377878196425,0.007352048701932336
0.025,-0.01897232381612575,0.007011788137149401,0.007354761768145354
0.025,-0.01286955890609505,0.0034569429997917227,0.007276879884311066
0.019262500602010308,-0.011154879533370639,0.005948217465581709,0.007249849414465688
0.019334516824738808,-0.0177194570220506,0.00950155121547755,0.007331092872240254
0.025,-0.013743791071626536,0.010410953887661209,0.0072618648697018685
0.018476783421234662,-0.025,0.013762375169256505,0.0075131614818091125
0.025,-0.0197519461652393,0.014055382675320742,0.007370838021366258
0.020338260413977377,-0.013827972102865467,0.014557729486090997,0.007229432019291751
-0.014302219647456113,-0.018572354738038442,0.025,0.007207126481623535
-0.02055566608472124,-0.020254903306313125,0.025,0.007290269690203087
-0.025,-0.01785755189703951,0.025,0.007173582154083138
-0.025,-0.025,0.025,0.007548516501795073
-0.009115990484078358,-4.0185416246571806E-4,0.025,0.0068101641496941066
-0.0066867428745614,-0.01894048356626627,0.025,0.007224541358027113
-0.008699517011272613,-0.01361047820929394,0.02500000000000001,0.007022062309202254
-0.003572246661953823,-0.025000000000000005,0.025000000000000005,0.007546223936283625
-0.013735316937304412,-0.010639713358480976,0.024999999999999998,0.006940294050411373
-0.010783045008221706,-0.010314844789187767,0.01825163376585599,0.007108009896448608
-0.006950747700572719,-0.006510503056218808,0.024999999999999998,0.006857147628424374
-0.00957491037329321,-0.00504452432895893,0.02008888848047732,0.006989114575474566
-0.004213809002129155,-0.01105391976991551,0.017664014363354706,0.007129438924533997
-0.004167006292433098,-0.0036765305794430932,0.019506417361001973,0.00699559149403386
-0.013286163600915777,-0.0036556173197044295,0.025,0.006821903045643993
-0.0031615461582780047,-0.013089587520704991,0.025,0.007005977060467819
-0.017857551896970882,-0.025,0.025,0.0075483053051728964
0.025,0.025,-0.025,0.007549632205341347
-0.025,0.025,0.025,0.0075507274856448535
0.025,0.025,0.003571428571428569,0.0074203393778794376
0.019655502852024574,0.025,0.013960458041424331,0.007518905538872315
0.013873485379850614,0.025,0.01842290874529809,0.007562008765205132
0.01167675744811288,0.01721354777103314,0.019483876558566315,0.0072556124657211585
0.018662756282152995,0.019764200336488465,0.017583840928283596,0.007361700945625013
0.010714967451577025,0.025000000000000005,0.025000000000000005,0.007538596385857054
0.0023554270039633962,-0.011792994750643252,0.017076394960853426,0.007155292282091005
-5.667531079649474E-4,-0.007174715551915772,0.025,0.006869865727257345
0.006696412370546256,0.006961600039110722,0.02500000000000001,0.0068628211013495866
0.00482110305213782,0.012734929900973229,0.01844222792516824,0.007152566143818331
0.005077826105519613,-0.005115232780493413,0.01826322931036002,0.007034897747988808
0.006994817845994818,-0.006797761018432066,0.025,0.006862572750691513
0.0028855171128014563,0.0022292218023718426,0.025000000000000005,0.006817108743597553
0.010000162371517442,0.003981815103351417,0.021513786666553597,0.006938483703206563
0.008082856689033024,2.5065276075091764E-4,0.025,0.006807219766399188
0.004192008692374141,-3.5378365872891575E-4,0.02077575770070971,0.006946641269663651
0.012108737529835965,-0.0044107034676382755,0.019218803276978065,0.0070049734216372376
0.01329079876165436,-0.00314510235823294,0.025000000000000005,0.006819325540391397
0.002922247767218846,-0.0021087667125113674,0.024999999999999998,0.006815441958399927
-0.002737799931428176,-5.9615370511953425E-5,0.024999999999999998,0.0068072734987501375
-3.94974084655806E-4,0.01913352548188831,0.025,0.0072408595476273745
-0.0035706104759007664,0.02500000000000001,0.02500000000000001,0.00755289545675799
0.003572246661953823,0.025000000000000005,0.025000000000000005,0.007546721156637672
0.013649087964830263,0.010516623590158945,0.025,0.006931136774705886
0.010645095208874146,0.010237830471137023,0.018251635158428405,0.007103246648717546
0.01275760723241064,0.0034987598613103223,0.025000000000000005,0.00681761106424963
0.0188264781744233,0.0034137197788977804,0.02001267768382267,0.006978391885617144
0.008366494378858313,0.013487931036149677,0.025,0.007020121670575246
0.013873305946985284,0.018423135867549033,0.025,0.0072026450758721355
0.006263388443345943,0.01881574481238573,0.025,0.007214599671163034
0.025,0.00391870846393174,0.01298216393456332,0.007125799055024075
0.01860085197887301,-1.320346874240514E-4,0.015025355367645349,0.007079654690638386
0.017849099314251556,0.00719818299277644,0.015347610109047236,0.007113556550607274
0.025,-0.006710596701128191,0.006859679669706598,0.007205594905676507
0.021270537616023467,-0.0068767828546872104,0.01101112412935809,0.007168396962590511
0.025,-0.008423520452500123,0.013438647171251056,0.007157956476520111
0.025,-0.0029850463418954684,0.01295394418548601,0.007120166797779598
0.017541075232046933,-0.00704296900824623,0.015162568589009584,0.007112485350603604
0.020228165914675883,0.025,0.019497817006118065,0.007570670936563782
0.025,0.01850589874479934,0.013878521888787139,0.007338522782847259
0.025,0.014252184523531905,0.019708046493339196,0.007169458078335494
0.018752151640397296,0.010579666876029199,0.02017380505452362,0.007073512159040008
0.025,0.01962724120340556,0.020309319238229692,0.007334557542505791
0.014098931643704515,-0.025,0.01973266328354304,0.007556849567129506
0.018545270526949594,-0.018314883743576062,0.01754477959658961,0.007316099303560516
0.007242141486513155,-0.025,0.01921299510967229,0.00756488953790621
0.009538166134817503,-0.01775364144372419,0.020312243725117876,0.007259738636821225
0.019615007468229133,-0.025,0.02031691952152461,0.0075722920890861824
0.01403716864728704,-0.019977671324985017,0.025,0.0072736802358002745
0.01785673380394436,-0.025,0.025,0.007548906739165218
0.0032536223046131284,-0.013035301922282734,0.024999999999999994,0.00700312930172942
0.009296370084777775,-0.010688465627498573,0.016941321629349988,0.007138796563328498
-1.1418251657114434E-7,-0.019107617318904674,0.024999999999999994,0.007231767796047834
0.006985791215735816,-0.019096008938077648,0.025,0.007231489990474516
0.0035706104759007664,-0.02500000000000001,0.02500000000000001,0.007546580699584651
0.02500000000000001,0.02500000000000001,0.010714285714285711,0.007481538054676543
0.025,0.007153878866557342,0.018813400988458788,0.007047769190146662
0.025000000000000005,-0.025000000000000005,0.010713603963156564,0.007477711645476303
0.019052104369973594,0.006959474245219612,0.025,0.006863212265093467
0.01965520396654304,0.013961150759281955,0.025000000000000005,0.007038406111492758
0.025,0.010714967452304266,0.025,0.006941098807173071
0.025,-0.013872867464360249,0.018329106514273268,0.0071839727516641565
0.019536547310918945,-0.010353785826703724,0.0197788647430455,0.007075270524117419
0.025,-0.006263390117750999,0.018808825561090717,0.007035371902920216
0.018114953900800347,-0.0035347827439292465,0.020081284294504797,0.0069772134794915145
0.025,3.8057706139123584E-4,0.019074394457478973,0.0069950090977155205
0.025,-0.020218493537781393,0.019465071742943478,0.007367239755112537
0.013574659168137144,-0.00866802075281642,0.025,0.00689368638628296
0.013857117932056377,-0.012452379344028009,0.020970660814674993,0.007092970242194865
0.010257558971294406,-0.014048617811101352,0.024999999999999998,0.007031619237905384
0.025000000000000005,-0.025000000000000005,0.017856733803914712,0.00755604874244294
0.01992640196400936,-0.02047284573472928,0.024999999999999998,0.007304131928071295
0.018417865779334977,-0.014216293060557444,0.025,0.007039607928529084
0.025000000000000005,-0.017856733803914712,0.025000000000000005,0.007182394844943658
0.025,-0.010713603963202046,0.025,0.006941276543348719
0.025,0.025,0.01785714285714285,0.007552493858288362
0.017857551896970882,0.025,0.025,0.007548604692668497
0.02022789410973929,0.019498075244134314,0.02500000000000001,0.007254575685642012
0.018734834207860512,-0.006879599550541982,0.025,0.006862507344690319
0.01868883256955376,-2.6596479612263364E-5,0.02500000000000001,0.006808967018463061
0.025,0.0035722466619741264,0.025,0.00682644860909471
0.025,0.025,0.025,0.007547666696267519
0.025,0.01785755189703951,0.025,0.007174998710622967
0.010713603963896805,-0.02500000000000001,0.02500000000000001,0.0075454213036973946
0.025,-0.025,0.025,0.0075509096529044915
0.025000000000000005,-0.003570610475860971,0.025000000000000005,0.0068263502969151514
-0.0162633239581063,-0.0074769429493058035,-0.012421135269366414,0.007159184491678926
-0.018938522286397332,0.00980331423164827,-0.013571200223014475,0.007174280402156195
-0.0083493132493192,-0.002133054602897719,-0.01519715132574232,0.007078269857600071
-0.009061113777213874,0.011919080448470957,-0.013068629911853797,0.007209683989471262
-0.013728008484152137,0.00540653006708476,-0.010322845945380653,0.007166647988831077
-0.01677351441087953,0.012652731694397802,-0.006116648079566184,0.007267757824202509
-0.012774653015538723,-0.0014477856347629055,-0.008252047145076978,0.0071700003426463646
-0.008508425989534638,-0.010223750965564271,-0.01338527439464881,0.0071790776463780594
-0.003674869265229786,0.0032143780203431104,-0.012533748778803049,0.007124814667443775
-0.004686902998565691,0.008087139892358684,-0.009688240897311615,0.007193652474785738
-0.001081297310720266,-0.004935906122226506,-0.011408107545031994,0.007152183376877048
-0.012954045815483255,-0.007106213899829261,-0.0026146769472197543,0.007226518893315365
0.001512274643789254,-0.013086190264796124,-0.010282466311260938,0.007249425872719585
-9.495355071356818E-4,0.015124591416526579,-0.010143002535666468,0.00728428097698875
-0.016267659359063172,0.012504559692651473,-0.015763454644478102,0.007190387734369077
-0.0066814120009644476,0.012038627879583456,-0.002102399737207462,0.007267864460787726
-0.007168717316307446,0.0026000858442425433,-0.004820779244580223,0.007193432243846124
-0.013155233205077948,0.011708338043975655,0.003116135798636284,0.007262165838293934
-0.011436854053924465,0.001728634026438814,0.00476142979876856,0.0071921859971601125
-0.0025052226778815422,0.014989762618403783,0.005149145226021231,0.007298171689557594
-0.01675735570342255,0.014681733738574287,0.013732370592499465,0.007256827835319547
-0.004129772262744268,-0.010635184257608662,-0.004364393542751789,0.007245933191269814
-0.011019156074592513,-0.011941781369350127,0.004816859632940727,0.007262177384331305
-0.0076860461883799715,-0.015945182459542066,1.1216277623930034E-4,0.007312037914800349
0.0064084880590142895,0.011318844700920271,-0.006383856453007947,0.007248647112315268
0.008597055546023089,0.014272498274022185,-0.01289500397816776,0.007256250592061427
0.00787874415519836,0.008217458122852971,-0.013688819120293202,0.007151724220397119
-0.005957744755113638,-0.004758175401566729,0.0047646875907765,0.007202914783434397
0.004035502304294546,0.004025903609670192,-0.008038372799493907,0.007183117383891247
0.004651129863401765,0.01203311318114333,9.183580761582331E-4,0.007267764809541259
0,1.3121500034955774E-8,-6.749755760609554E-5,0.0071996808071622545
0.00687350216653338,-0.012499993439249983,-0.0019673767661431015,0.007272403710526992
0.007603316980503161,-0.0060743925439671696,-0.01348368838307155,0.007127396601869194
0.00815082924512579,-0.0022870442211054163,-0.003920779869145454,0.007195873745833271
0.012929871297426275,0.0012228885847720388,-0.010635395931914003,0.007145804348641854
0.012360396598225288,0.0076262549535904165,-5.0504878896568E-4,0.007232401546011154
0.011770034031884926,-0.009518398507612111,-0.008020274700033242,0.007218011190809889
0.006356634510434957,-0.008721654780399218,0.00331953505045313,0.0072328496550819864
-0.016771556646659573,0.008121011148574468,0.015467332776185514,0.007121805534017717
-0.014352265960805055,-0.00793838027915819,0.009521556489642155,0.007195758434577356
-0.011694775533129422,-0.016204128510815423,0.009660733516340628,0.0073065036548849455
0.007515639918200517,0.013297723089245286,0.006407248004642361,0.00727202540363316
0.012895610871754688,0.015945207312864116,-0.00256963818747364,0.007313450013799458
-0.010373708107848928,0.010347632971961757,0.011516324534113158,0.007202731194065252
-0.005186854053924464,0.005173823046730896,0.005724413488253531,0.007201422282564652
-0.011873576046420212,-0.0015422045187078997,0.013961790190640784,0.007095707571613436
-0.007830773079139004,-0.00998997621989456,0.011503267531711981,0.007198177999081592
-0.004747188680169559,0.015225026983981616,0.012948211688775479,0.007269826501847769
-0.006284286043790185,0.010455172658761336,0.016807844539152593,0.00713319553802469
8.84117967870181E-4,0.008732024621083911,0.011884455154050271,0.0071794970757699614
0.0018630712488508505,0.01747951867605755,0.01226564138381615,0.007320431507559791
0.013191904477172728,-0.0061983247312261645,0.0018711247181218207,0.007219929633889533
-4.7863545630281117E-4,-0.011244984829572273,0.00476794538278444,0.007256124787799566
0.012843278133728252,-0.014480695365440957,0.005032637748629849,0.00729129426808824
0.014180427973552068,0.01473480737992602,0.006426719907674457,0.007292708927667858
0.009480208949240477,0.016003959674517242,0.013967753117132635,0.007281542830657987
0.0015099528907598309,-0.0019209710137048422,0.012251229205653734,0.007122810628002562
0.007638924026109701,0.0026000546632346873,0.00558252643922131,0.0071899481783593115
0.008704013989471932,0.009164291944036422,0.0128086890471706,0.007171100123101724
0.013809392572539545,0.00742387675302521,0.00888442698037574,0.007194817668251632
0.013370498447259268,-0.001326590457804637,0.010447225817632758,0.007147769807091618
0.010155888110797788,-0.008115177026031154,0.011314433067604867,0.007177551280705488
0.006302302156316276,-0.015913576616461582,0.009831025978612486,0.007299519378104267
0.01239811871528659,-0.016894340164600986,0.010300839999574637,0.007314725233345187
0.015676520827954753,-0.013783076741370685,0.010786352457908727,0.007258199106949365
-0.016415386539569504,-0.012121092385167755,0.015605645053043076,0.007181456773525106
0.012090541053899192,-0.016411273949370732,0.015624487450235746,0.007271764816712007
0.016968020279568556,0.014472981282384867,0.01562561366476999,0.007231611501262845
0.012127097047281769,0.0026297243598399074,0.01702450510386194,0.007045286191334257
