X,Y,Z,Bz[T]
-0.025000000000000005,-0.020287709755443754,-0.013741244027270099,0.00896010270049858
-0.025000000000000005,-0.025000000000000005,-0.01777961810063289,0.009322410056469487
-0.019106893024972562,-0.025000000000000005,-0.014341655202826518,0.009234114507304445
-0.025,-0.025,-0.009498252743228349,0.00910337196717431
-0.025000000000000005,-0.02082077988184639,-0.019570679632409643,0.008966991199680557
-0.020150512736371907,-0.025000000000000005,-0.02020633874832053,0.009343769475928824
-0.024999999999999998,-0.024999999999999998,-0.024999999999999998,0.009282432852804619
-0.021479488712021603,-0.021969021973824682,-0.025,0.008912389963470026
-0.01785714285714286,-0.02500000000000001,-0.02500000000000001,0.009259189781590548
-0.020176456887754258,0.025000000000000005,-0.020169478484275832,0.009343434300763225
-0.019776275595643274,0.02001968528707735,-0.025000000000000005,0.008702911032153003
-0.025000000000000005,0.019147830474900134,-0.017608157033355876,0.008881918475109146
-0.024999999999999998,0.024999999999999998,-0.024999999999999998,0.009267855247279744
-0.02500000000000001,0.02500000000000001,-0.01773368666852976,0.009316298365889151
-0.019382729433669796,0.025,-0.013929665587413868,0.00923070899048257
-0.025000000000000005,0.025000000000000005,-0.00944801993539578,0.009118679070867936
-0.025000000000000005,0.01721493824556306,-0.025000000000000005,0.008449378248267306
-0.0187518140806335,0.019661760098190786,-0.017452238817193245,0.008898693134540421
-0.014455341002321855,0.02500000000000001,-0.019252156116242508,0.009322354916184694
-0.014864111812686811,0.020334910222058113,-0.025000000000000005,0.00873626259121753
-0.025,-0.025,3.144186300207963E-18,0.008963420880329103
-0.016367624377490606,-0.02500000000000001,-0.00547511802530889,0.008984835125290433
-0.025,-0.016002043061267367,-0.005551704661628567,0.008808710916029553
-0.025000000000000005,-0.012268863229500344,-0.016482905296389298,0.008549851864072646
-0.01691884512037143,-0.01804597689428982,-0.016903022550883943,0.008792690512143977
-0.01429734947334401,-0.025,-0.019521136698398618,0.009320272563207447
-0.007103445047359647,-0.025000000000000005,-0.0189794624056235,0.009300537671426187
-0.010714285714285713,-0.025,-0.025,0.009236531268123594
-0.010977527887508087,-0.020250395041068497,-0.01763336088793456,0.008933244995521795
-0.01124656701766194,-0.025,-0.012916352148260464,0.009172415521350893
-0.016921385886509634,-0.01755207667739226,-0.008806045101767886,0.008823741622944331
-0.007957043729349987,-0.02500000000000001,-0.006914118604822968,0.009012723918363425
-0.003095928516289554,-0.025000000000000005,-0.0118061857340034,0.009149053553670287
-0.01691630435423323,-0.01853987711118739,-0.025000000000000005,0.008565906215218898
-0.025,-0.017214938245563048,-0.025,0.00846528886846105
-0.016718022690820636,0.012220963605567861,-0.025,0.008140134513563735
-0.017857142857142863,0.02500000000000001,-0.02500000000000001,0.00925556589062668
-0.010714285714285718,0.02500000000000001,-0.02500000000000001,0.009246634692036777
3.7478149056772644E-4,-0.025000000000000005,-0.019055942004718853,0.009305763858448522
-0.003175381596291833,-0.019313214935035492,-0.019625232141377087,0.00881343069839145
-0.005368962818866198,-0.015698030687920764,-0.025000000000000005,0.008309964024514439
-0.0035714285714285718,-0.025,-0.025,0.00923610447781117
-0.025000000000000005,-0.0066368476008686825,-0.025000000000000005,0.00792688497720751
-0.016423935111969358,-0.011341475858730288,-0.025,0.008097679246390476
-0.017824214386724525,0.02500000000000001,-0.005754814285609297,0.008999916823695928
-0.025,0.025,3.144186300207963E-18,0.008968206671582126
-0.025,0.017034841208005636,-0.0073572356987579145,0.008839159000315648
-0.017575692830118634,0.01966176009819079,-0.010244906717859978,0.008904432366059976
-0.011096717538066283,0.025,-0.011211974784413383,0.009122925388165467
-0.02500000000000001,0.006636847600868685,-0.02500000000000001,0.00792394462479166
-0.02500000000000001,0.011458570045521366,-0.017101432570528194,0.008500113957137722
-0.01718479206409091,-0.0069982674871161285,-0.014923015524125257,0.00841178810998115
-0.025000000000000005,8.254329863433656E-4,-0.01403295525467144,0.008402477044486866
-0.025,-0.0073774644746601985,-0.006958498829694916,0.00861458689189761
-0.012266728964297355,0.0015074444931828766,-0.025,0.007817878472974655
-0.00846852342614495,0.018212971698341796,-0.025000000000000005,0.008510491150169754
-0.012354653412053303,0.01931556619082769,-0.01712395100603438,0.008861833997949303
-0.007897205087291146,0.02500000000000001,-0.019171504552304822,0.00931454713956144
-0.0039146585287115915,0.02500000000000001,-0.014183236593679038,0.009214338293318252
-3.7559649047292504E-4,0.025,-0.019056282886123127,0.009302311942982398
0.004238030318580834,0.019857380934407313,-0.018026429041400914,0.008886893409114206
-0.0032785843658863474,0.01546179450151283,-0.01831222867454231,0.008588869579997006
-0.013804041037167923,0.007710506596280353,-0.01772798198580568,0.008310894903936002
-0.01738137261954344,0.014035505744937582,-0.012909158844674938,0.008675256564875146
-0.006701798149515537,0.017249604958931512,-0.010261656706677634,0.00879539173471104
0.003090907702644679,0.025000000000000005,-0.011808156335694629,0.009138078855863601
0.007071504589761536,0.025,-0.018950801275496667,0.009298701766958769
-0.003749253752005594,0.025000000000000005,-0.008661472146489827,0.009036796349888377
-0.01734377391138273,-0.025000000000000005,0.004544905097770252,0.008983860228631955
-0.01603982632971472,-0.01755207667739226,6.372350485304985E-4,0.008817645005507972
-0.00894351499218685,-0.025000000000000005,8.586731551878113E-4,0.008922703809164542
-0.014735878748046712,-0.010104153354784514,-0.003270435000709255,0.008663984873579575
-0.025000000000000005,-3.5591360576893785E-4,-0.0030092006016298987,0.008604715332998423
-0.025000000000000005,-0.008851065128610721,0.004562765244872653,0.008670140937829305
-0.02500000000000001,-0.016591924871424406,0.007338465337676273,0.00881920736466787
-0.025000000000000005,-0.025000000000000005,0.009498252743228365,0.00911397964648342
-0.01926565884948348,-0.025,0.013458461064465257,0.009202141530525124
-0.009964137990345569,-0.02500000000000001,0.009799632492306457,0.00910195274072429
-0.006544662498330008,-0.020250395041068497,0.007048249106830735,0.008882514805774707
-0.025000000000000005,0.025000000000000005,0.009448019935395766,0.0091013952656347
-0.017880683074672072,0.025000000000000005,0.0030197320456806127,0.0089603747799725
-0.017987570824596667,0.025000000000000005,0.01258711618462285,0.009182166701440267
-0.025000000000000005,0.013577017389387793,0.004782397049563947,0.008747833712357529
-0.025,0.00772419952312633,-0.004719866273330766,0.008648647304219942
-0.012777870733683703,-0.015500790082136989,0.008516598674226376,0.008752256360773137
-3.1145426297631354E-4,-0.025000000000000005,0.005579899539435093,0.008962973698448914
-0.0024767426220549393,-0.025000000000000005,0.013745536522156019,0.009176202078323249
-0.007151837290777116,-0.015653577558424888,-0.015000193663735851,0.00870017626852658
-6.278501811435508E-4,-0.025000000000000005,-0.003537690349703339,0.008946591323002993
-0.0037838430061914894,-0.018915421117454416,-0.005694278452863497,0.00884035661570272
0.0037492934253009567,-0.025,-0.008661518897169304,0.009049617025108246
0.0017508015911776342,-0.01953227821306643,-0.010098464380948451,0.008876906044856518
0.003914742127699794,-0.025,-0.014183204236295197,0.009202187546067019
0.0036340853308599406,-0.018056732408048917,-0.01732812769666444,0.008765308797866425
0.007897217915577171,-0.025000000000000005,-0.019171485891956695,0.009326039227578653
0.011234056991955245,0.025,-0.012923685646025775,0.009179321130843224
0.008851657127634593,0.014714761868814628,-0.016996575196678704,0.008594006653916629
0.008035473421221538,-0.020152511241859045,-0.01451295730494086,0.008923974466581061
0.011096679357160896,-0.025,-0.011211993956445112,0.009125468645159862
0.014455339353187876,-0.025000000000000005,-0.019252154950388536,0.009327427231568848
-0.002033975625566933,-0.004713293844935193,-0.025000000000000005,0.007856490217645907
0.003679959086518796,-0.010586708838459536,-0.018787727883211647,0.008340363174240079
-0.005396918407658215,0.011337027710256346,-0.02500000000000001,0.008052856934477657
-0.0014531617613141139,0.019637512126225488,-0.025000000000000005,0.008652434969328632
-0.0035714285714285726,0.025000000000000005,-0.025000000000000005,0.009230601362392081
0.0035714285714285718,0.025,-0.025,0.009230465810176731
0.01428764632350336,0.025000000000000005,-0.0195212828034551,0.009301050691962102
0.009124909236027375,-0.019095171465388912,-0.025000000000000005,0.008605743241875609
0.010714285714285718,-0.02500000000000001,-0.02500000000000001,0.00923316060568399
0.0035714285714285726,-0.025000000000000005,-0.025000000000000005,0.009234339107011953
0.001295648289692197,-0.0200849569027436,-0.025000000000000005,0.008687384372582822
0.004379605913248165,-0.012542337553118746,-0.025000000000000005,0.00810234451228704
0.017857142857142863,-0.02500000000000001,-0.02500000000000001,0.009260769827495288
0.01707571084191879,-0.018975541480296756,-0.025000000000000005,0.008586969175683551
0.005740862639263433,0.014941108069599432,-0.025000000000000005,0.008256308030380084
0.010714285714285713,0.025,-0.025,0.00920927442600234
0.0015613044172831086,0.004415500987525977,-0.02500000000000001,0.007850535206535319
-0.008278521067052194,0.02500000000000001,-0.0015478416730917415,0.008928390107063495
0.007938772946965857,0.025,-0.006904066727271242,0.009016790556661932
0.0045464137407279955,0.01849690639647321,-0.008665781278691333,0.008840152070363655
-0.008211967555984677,-0.0060015801642739714,-0.012511707749317499,0.008467041247093573
-0.013767512810848776,0.017249604958931512,-0.004421054610592415,0.008807786488625721
-0.016853130095394946,0.0038767089847712897,-0.007326175072005283,0.008547723614735669
-0.025000000000000005,0.0032738494684054938,0.0048006071929760155,0.008601910242463848
-0.012049592701134357,0.0016067920048971854,0.0013653610137891372,0.008580175145689324
-0.00420552364359252,0.0028533001491049927,-0.013546136505228396,0.008391028271195887
-0.004092550199985412,0.01586539859553945,-0.0016427038644245232,0.008772000924696445
6.367104920567759E-4,0.025000000000000005,-0.003533124671192666,0.008941934175853254
3.145095507029842E-4,0.025000000000000005,0.0055803945295002065,0.008972848102762075
0.008947609965436813,0.025000000000000005,8.578001549035194E-4,0.008932725547756055
0.003980825414786325,-0.02500000000000001,0.013446431518794603,0.00918613163810095
0.002336098198847142,-0.01822952294089308,0.008841611469768036,0.008827390364992667
0.01003732065950564,-0.025,0.007864248981236123,0.009037841445365197
-0.016605983777992342,-0.007426322646442347,0.008525528747777577,0.00857939792145959
-0.025000000000000005,-0.0033700402880162683,0.012302551609504515,0.008469979193452905
-0.025000000000000005,-0.011426020898429697,0.016411862227537977,0.008515747485304117
-0.025000000000000012,-0.025000000000000012,0.01777961810063291,0.0093187420598656
-0.025000000000000005,-0.018284261612026422,0.01656598429136281,0.008838143465378343
-0.02500000000000001,-0.021933182797442045,0.021010227197205564,0.009048986649274131
-0.020032035987402715,-0.025000000000000005,0.019666725797827776,0.009338650497184228
-0.01881041266263347,-0.02099417778500723,0.021288672509004847,0.008935585038071337
-0.014122030557580597,-0.025000000000000005,0.01873974663682673,0.009307310510693433
-0.013914069807482035,-0.017647375821312743,0.01602292512036998,0.008778480327983973
-0.007136156463061389,-0.025000000000000005,0.018597583914620384,0.009302378780311715
-0.0027003536162570015,-0.019651399398020616,0.01627367513563872,0.008890409909289474
1.3127099722555144E-4,-0.025,0.019494983280174426,0.009308444738485189
-0.012926830232617655,0.01697288887286729,0.007175269056230885,0.008798024313874475
-0.01003714965627672,0.025000000000000005,0.007864063951646901,0.009038118966658546
-0.010324298319072136,0.025000000000000005,0.014920018658728312,0.009223859454123205
-0.025000000000000005,0.025000000000000005,0.017733686668529758,0.009312080558789545
-0.025000000000000005,0.016839758398768636,0.015579143560189652,0.00876540638546913
-0.013784723727676975,0.025,0.019872190467580313,0.00933059386602443
-0.019393402483689294,0.02500000000000001,0.020570088693342998,0.009330120428462341
-0.014809315674462382,0.020195799345376752,0.019443859550259675,0.008901377613241921
-0.020665271895321836,0.018003952277154046,0.01939603254101391,0.008745442478912815
-0.025,0.021408222770996653,0.02086179240148327,0.008999727423912182
-0.01726991889595248,0.0071476588653360375,0.007160690276464117,0.00860063219695858
-0.02500000000000001,0.006307660795759786,0.01581227721638349,0.008381600938238842
-0.016605983777992342,1.5304031574290666E-4,0.014150284733532996,0.008373284311394485
-0.025000000000000005,0.01721493824556306,0.025000000000000005,0.0084644995848226
0.012784024073705783,-0.021536445632767378,0.017761461655229033,0.009014269683966812
0.010323870100424716,-0.02500000000000001,0.014920273415974667,0.009221279338296837
0.013784612301014954,-0.025000000000000005,0.019872332534579786,0.009348665197313125
0.007206746737834157,-0.02500000000000001,0.019442590895526007,0.009330024044324923
-0.02500000000000001,-0.006636847600868693,0.02500000000000001,0.00792047519434575
-0.02500000000000001,0.006636847600868677,0.02500000000000001,0.007902941629895344
-0.024999999999999998,-0.024999999999999998,0.024999999999999998,0.009278544305710214
-0.021479488712021634,-0.021969021973824693,0.025000000000000005,0.008907002858500192
-0.025,-0.017214938245563062,0.025,0.008459011881524096
-0.01785714285714286,-0.02500000000000001,0.02500000000000001,0.009266558792211136
-0.016916304354233247,-0.01853987711118741,0.02500000000000001,0.008539469886891183
0.006577993832882299,-0.019512098153376657,0.016220760843584665,0.008883537124602096
-0.010714285714285721,-0.025000000000000005,0.025000000000000005,0.0092368885854328
0.0012956482896921936,-0.020084956902743596,0.025,0.00870155012799258
-0.003571428571428582,-0.025,0.025,0.009240504212977691
0.0035714285714285652,-0.025000000000000005,0.025000000000000005,0.009233800643237767
0.015109802622114112,0.01710005225804383,-0.025000000000000005,0.008433004963233964
0.01785714285714286,0.02500000000000001,-0.02500000000000001,0.009249366372939742
0.020149931278467263,0.025000000000000005,-0.02020628915767368,0.00932932088325027
0.021076923520094187,0.021696884728054845,-0.025000000000000005,0.008874469686919784
0.008278671819230796,-0.02500000000000001,-0.0015477638315107064,0.008927056323118394
0.011572957346494037,-0.011557585215060118,-0.017335679828999355,0.00846013395261939
0.008220928446030642,-0.019435951425508868,-0.006163189760796203,0.008857394296288536
0.004695955083920085,-0.015218342086169815,-1.990718042790408E-4,0.008755574253823183
0.012815545524007996,-0.01792175570743026,0.006900011281279156,0.008818950995717736
0.009064072550456482,0.0038069545457340777,-0.014378715358599898,0.008360642834581586
0.012715000136558477,-0.0029688466680563366,-0.025,0.0078191167033782
0.015112524150090257,0.008615347141936954,-0.025,0.007964791714801026
0.021439545857866994,-0.02179595304676986,-0.02500000000000001,0.008892064178883125
0.017680944681197013,-0.01899772982761846,-0.019659847731510492,0.008804025997308087
0.02017645682125425,-0.025000000000000005,-0.02016947633641055,0.009335804972526772
0.01938272981146554,-0.025000000000000005,-0.013929669993765454,0.00923437900769702
0.015998483109617583,-0.012034528656743544,-0.02500000000000001,0.008123400148775214
0.025000000000000012,-0.017214938245563055,-0.025000000000000012,0.008461909833579594
0.024999999999999998,-0.024999999999999998,-0.024999999999999998,0.009280533098117825
0.0169258285638173,0.016504390316261445,-0.017218322663637334,0.008694565999038775
0.019106028611116366,0.025000000000000005,-0.014341116127985842,0.009210376576131487
0.016368641156966377,0.025000000000000005,-0.005474593037397307,0.008988750071761748
0.01196245161600575,0.014488415668029827,-0.008993150393357404,0.008723644856392163
0.025000000000000005,0.025000000000000005,-0.017778628191441645,0.009321872863324055
0.02500000000000001,0.018294018763708265,-0.017440070130595967,0.008819437901532234
0.025000000000000005,0.021505983210194434,-0.021230501654156794,0.008997979723883782
0.016024441229324768,-0.019663421548308566,-0.011573608402932088,0.008903930246747837
0.017824225131788406,-0.025,-0.005754763817839506,0.00899954187632431
0.025000000000000005,-0.025000000000000005,-0.00944801993539578,0.009124595141353864
0.017880614917290604,-0.025000000000000005,0.003019881954365849,0.008959395352546641
0.02500000000000001,0.017214938245563055,-0.02500000000000001,0.008460329313115425
0.024999999999999998,0.024999999999999998,-0.024999999999999998,0.009276664109464199
-0.024999999999999998,0.024999999999999998,0.024999999999999998,0.009273137307377805
-0.019776275595643267,0.020019685287077343,0.025000000000000005,0.008701881397795845
-0.017857142857142863,0.025000000000000012,0.025000000000000012,0.009262004938564314
-0.014864111812686803,0.020334910222058113,0.025000000000000005,0.008716340372552246
-0.010714285714285711,0.025000000000000005,0.025000000000000005,0.009237011001160216
-0.007208134440264283,0.025,0.019443049367813235,0.009338098613391629
-0.006883548651188529,0.01996863916735367,0.01612445129810911,0.008903041519011948
-0.003966063926640246,0.025,0.013450923888037715,0.009192702377956465
-1.1101719109491912E-4,0.025000000000000005,0.019501936884409033,0.009310876588392981
-0.0035397803949452655,0.019883458989432903,0.009425914875681628,0.00888737995160795
0.002485577671271621,0.025000000000000005,0.01376654619962445,0.009179397894806738
0.012653305691917258,0.01784701666013821,0.0034223892654950353,0.00881884580766763
0.00473864574041333,0.012298260541720339,-3.071653118503628E-5,0.00870587894196831
0.004362513174621173,0.0175365334322447,0.008228248345739554,0.008809466538140581
0.009966326246252885,0.02500000000000001,0.009802598013866948,0.009089649610342705
0.01734241785569005,0.025000000000000005,0.00454326731347009,0.008975323358902172
0.017987417179058784,-0.025000000000000005,0.01258722119394175,0.009190057058155033
0.019393364949432727,-0.025000000000000005,0.020570135319635103,0.009327820752166193
0.02149370858952939,-0.02038920698663919,0.0089552950119318,0.008934393658055689
0.01890915269220681,0.019368650665041166,0.00995408631084264,0.008893477098156102
0.019265125043080093,0.025000000000000005,0.013457822398696789,0.009210206205696249
-0.016423935111969358,-0.01134147585873029,0.025,0.00809291311737218
-0.005368962818866197,-0.015698030687920774,0.025000000000000005,0.008332545959700706
-0.007509060718313273,-0.006522047700381334,0.014123225368417655,0.008421006592194349
0.0015120397694832076,-0.01286275349013477,0.016712088092860556,0.008524837539327583
-0.008468523426144967,0.018212971698341796,0.025000000000000005,0.0085260345945119
-0.016718022690820632,0.012220963605567858,0.025,0.00811586512254555
-0.012266728964297363,0.0015074444931828697,0.025000000000000005,0.007803397666769134
-0.01287138125140932,0.011811380359477574,0.01712500725374732,0.008472294123412612
-0.0035714285714285652,0.025000000000000005,0.025000000000000005,0.0092382600228216
-0.0014531617613141139,0.019637512126225488,0.025000000000000005,0.008659312003229768
-0.0012932096212535666,0.013667727909798059,0.017476659728069353,0.008542688842185576
0.014537119969404043,-0.015477221633279538,0.016565245488281092,0.008657772361300489
0.010714285714285711,-0.025000000000000005,0.025000000000000005,0.009235804648831327
0.009124909236027393,-0.019095171465388923,0.025,0.00861116097665028
0.017857142857142863,-0.025000000000000012,0.025000000000000012,0.009254338431628477
0.017075710841918793,-0.018975541480296763,0.025000000000000012,0.008610019667925994
0.021439545857866997,-0.021795953046769852,0.025000000000000005,0.0088859592347238
0.024999999999999998,-0.024999999999999998,0.024999999999999998,0.009282790257702553
0.004379605913248166,-0.012542337553118748,0.025000000000000005,0.008134341226680636
-0.0020339756255669285,-0.0047132938449352,0.02500000000000001,0.007844593398411393
-0.0031017212925906,0.0050263291856771815,0.015808800874509338,0.008331825109106251
0.00463508817462486,-0.004563988086942913,0.015038213779331079,0.00835929900553451
0.02500000000000001,0.01047467676743471,-0.017217381159620893,0.00846412811542536
0.025000000000000005,0.0066368476008686825,-0.025000000000000005,0.007899401567718383
0.01636494057183905,-0.00535219926340701,-0.014348869458513751,0.008418167489199426
0.01914679019446255,0.01563048454395633,8.702977676585388E-4,0.0087886769299058
0.015362837848105028,-0.01502299023054168,-0.0031391721171033795,0.00877324561965112
0.02500000000000001,-0.02500000000000001,-0.01773368666852976,0.009315646156982828
0.025000000000000005,-0.019577213872418484,-0.01757807317683713,0.008903522482072303
0.01981860043514341,-0.014421926659372157,-0.01346988943149771,0.008688729231603125
0.02500000000000001,-0.006636847600868685,-0.02500000000000001,0.007929266878448487
0.025,7.776480611358851E-4,-0.016065923361614616,0.00833613745669041
0.012231225808002876,0.0048312443668882665,-0.004265593246329945,0.008588773886040551
0.02500000000000001,-0.010433605997792564,-0.017147826036909484,0.008449207874504377
0.025,0.025,-0.009497168069209121,0.009118375771062432
0.025,0.025,3.144186300207963E-18,0.008964547110338684
0.025000000000000005,0.016236036098985236,-0.007758945091390402,0.008811738062803196
0.025,0.007205364243179619,-0.00467540182409824,0.008636178161777912
0.025,0.016208079245110134,0.005606804390337574,0.008814428012746539
0.02500000000000001,-0.01637683453343837,-0.005795941189603766,0.008819296452645332
0.025,-0.025,3.144186300207963E-18,0.008969758233444968
0.0191693515711415,-0.01337298078233701,0.003772709792596304,0.00874385491640387
0.025000000000000005,-0.025000000000000005,0.009448019935395766,0.009098737382028646
0.025000000000000005,-0.015778413973278376,0.0053233688299218485,0.008799452536976138
0.025000000000000005,-0.019828611291441662,0.013397073632643818,0.008942547504420865
0.025000000000000005,-0.025000000000000005,0.017733686668529758,0.009318023317021237
0.003571428571428582,0.025,0.025,0.009229143673415284
0.0036180802878279118,0.019744207834014912,0.017522556398993312,0.00888932368437008
0.007138093458456358,0.025000000000000005,0.01859805957647268,0.009322253673361158
0.013307436256436427,0.019180281381478943,0.014257248670104092,0.008871296107128578
0.014121971299644851,0.025000000000000005,0.01873991176283488,0.009328514702887014
0.02003206746843175,0.025000000000000005,0.01966626773422141,0.009334545163076169
0.020656963506978415,0.021249571643514424,0.019205612994834736,0.009000926516378566
0.025,0.019892142876983793,0.01327661424406433,0.008940918483097225
0.025000000000000005,0.025000000000000005,0.009497168069209114,0.00910385111007947
0.02500000000000001,0.02500000000000001,0.01777862819144164,0.00932063526896456
0.025000000000000005,-0.02030500574930413,0.018697998417211262,0.008941732592161748
0.025,-0.012243911416180626,0.016007616988161496,0.008568637246212596
0.025000000000000005,-0.01721493824556306,0.025000000000000005,0.008452303410743812
0.025000000000000005,0.012276726519378122,0.01583414400197589,0.008563356176051844
0.015173943842939373,0.01029585878461868,0.009700339627735212,0.008609357653672017
0.025,0.020713707623958626,0.01916603747691017,0.008958175595481479
0.010714285714285721,0.025000000000000005,0.025000000000000005,0.00920869667273556
0.005740862639263447,0.014941108069599432,0.025000000000000005,0.0082562042293059
0.001561304417283102,0.004415500987525981,0.02500000000000001,0.007848363433317527
0.007021393467634283,0.01392504016223217,0.01587846401386558,0.008609131302126672
-0.005396918407658205,0.011337027710256364,0.02500000000000001,0.00805745285308804
0.012715000136558477,-0.00296884666805634,0.025000000000000005,0.007830430247838712
0.005567378555153644,0.004965126466478193,0.010489908559790064,0.008502668496418632
0.015998483109617566,-0.012034528656743548,0.025000000000000005,0.008116014602735994
0.01689839568363769,-0.005502056897948446,0.011944301668727725,0.008477481950387588
0.025000000000000005,-0.004625084107764899,-0.007141745868669561,0.008577689901743192
0.025,0.005878176410100595,0.006611277732664128,0.008600514045046703
0.025000000000000005,-0.008990169398688932,9.473433000300284E-4,0.00867919074878955
0.013163059304842604,-0.005021095489706228,0.0016733261710838818,0.008601717232310886
0.02500000000000001,-0.007496298779734541,0.007254981751394624,0.008620183019946569
0.025000000000000005,-9.674553338663745E-4,0.0029623696043598984,0.008608386882551684
0.025000000000000005,-4.92529463926715E-4,0.013712332721496138,0.008414562114314052
0.024999999999999998,0.024999999999999998,0.024999999999999998,0.00928163650315978
0.01785714285714286,0.02500000000000001,0.02500000000000001,0.009263515377696338
0.015109802622114102,0.01710005225804384,0.025000000000000005,0.008467678324708433
0.015112524150090253,0.008615347141936954,0.025,0.007983919584323889
0.021076923520094146,0.021696884728054852,0.02500000000000001,0.008858355068290394
0.025000000000000005,0.01721493824556306,0.025000000000000005,0.008464263592495577
0.02500000000000001,0.006636847600868688,0.02500000000000001,0.007902715006955878
0.025,-0.006636847600868691,0.025,0.007942474025848136
-0.004471757496093425,-0.012830842234908829,4.176288282764055E-4,0.00871050657524262
0.0011540545344901356,0.01199381279294642,-0.010427495830111422,0.008630341091189276
-0.009431178947511448,0.010149657940943314,-0.01147440848863282,0.008568942318273844
-0.005494591748639204,-0.014565948822670623,0.012745934011200569,0.00867991795622354
0.005082461288034171,-0.010715500483386327,-0.009157554116325208,0.008603136092780255
-0.005476297423049501,0.008931892407420903,0.009056392831123146,0.008568614867400414
1.9598235232122266E-4,-0.00471623053136913,0.007337351497730558,0.008530121681729409
0.0015702584388617325,-3.076473491067846E-4,-0.0031794140879218813,0.0085564753411162
-0.004970375676765313,0.007841037234549845,-0.001278382160199939,0.008631140383046227
0.008843311281004731,-0.011201869142729193,0.00980469463333234,0.008623054104562024
