X,Y,Z,Bz[T]
-0.02500000000000001,-0.01942425291523875,-0.007483306129489687,0.008632665066547179
-0.02500000000000001,-0.013759397548486742,-0.003972140352447971,0.008488379713073455
-0.0190502091959686,-0.016759588376389845,-0.006058447978768542,0.008553751037867506
-0.025000000000000005,-0.013696452311502277,-0.010607066523381923,0.008445704365948135
-0.020703694394369303,-0.020671972817083245,-0.009511966476515452,0.008688492937275482
-0.016407388788738597,-0.02191969271892774,-0.011540626823541218,0.00875613012977079
-0.013637998250783958,-0.025000000000000005,-0.0086116525143228,0.008814438952676957
-0.018434323700399383,-0.025000000000000005,-0.01420849918486455,0.008973710235139725
-0.010294756973759246,-0.025000000000000005,-0.013824294318422126,0.008970239086503693
-0.025,-0.019883498063735988,-0.014317741582719805,0.0086828852460053
-0.019176779326693236,-0.018839385437855474,-0.014469601132759637,0.00861257419041919
-0.020627505388456313,-0.0022580812057971596,-0.019638075622414326,0.007922699222977048
-0.018750624005338504,-0.005165194174875423,-0.015414296844881069,0.008124326983277643
-0.025000000000000005,-0.003061818138371447,-0.013160402452205965,0.008175529877242248
-0.025000000000000005,-0.006681747287931802,-0.01897994166242094,0.00802190360272164
-0.020649057606117002,-0.006587765587213203,-0.011081104957558994,0.008263721212528632
-0.025,-0.008656734432672992,-0.013622644420285419,0.00825194918632476
-0.01988866831821472,-0.010332441847923188,-0.016248672523533878,0.008229185709849823
-0.025000000000000005,-0.014301334752151087,-0.018586655347918302,0.008317542434431969
-0.02500000000000001,-0.02500000000000001,-0.01785714285714286,0.009055106691187413
-0.025000000000000005,-0.020544814755716772,-0.02025472999115641,0.008679706054984977
-0.025000000000000005,5.250485206737682E-5,-0.019069002822388114,0.007941849065219575
-0.021346002389343158,0.0032220442807870844,-0.016840483998528794,0.00805023269909359
-0.02500000000000001,0.0032906728843929006,-0.013264840337949337,0.008174088881824845
-0.019617902682551605,9.236284651243901E-4,-0.013312295883307299,0.008155758833601505
-0.02197471920290334,-1.6423278754150878E-4,-0.009634470833083197,0.008241372936220978
-0.020815861585667034,0.007223315657739373,-0.010465003732464161,0.008291362751630676
-0.025000000000000005,0.010294756973759246,-0.01382429431842212,0.00829030327865634
-0.025,-0.006836213728097019,-0.006516924861921864,0.008345090115892299
-0.025,-7.864810556141785E-5,-0.006921831690980101,0.008291835251176235
-0.025000000000000005,0.00721567533773625,-0.006588334525250556,0.008347162127446985
-0.025,0.013637998250783955,-0.008611652514322802,0.008461452471637739
-0.019387130887320924,-0.009364749552349056,-0.006087323889799695,0.008384353485027116
-0.0220251045979843,-0.011998696591678015,-0.0014106871310158294,0.008458379130194114
-0.025000000000000005,0.003018527110712956,-0.002076281800905185,0.008340255275578821
-0.018462211383217714,-1.0045051281152668E-4,-0.005124371174426685,0.008306257648730563
-0.02039075254999982,0.008169049483445387,-0.0022182036369286003,0.008390215400506221
-0.025000000000000005,0.01345022492286858,-0.003155011815663116,0.008482208199967093
-0.008505599448236244,-0.018758564626889292,-0.010368220738816594,0.008618779107050185
-0.018761880714164667,-0.02500000000000001,-0.006866267210139334,0.00876760546079041
-0.013369208321360578,-0.019547461918770475,-0.0066226211711850995,0.008630593995517993
-0.02500000000000001,-0.02500000000000001,-0.010714285714285716,0.008876171651778014
-0.025000000000000005,-0.00313812687166724,-3.425850755717913E-5,0.008348801448908868
-0.019815328687138554,-0.007382637036442207,2.2004605594924722E-4,0.008384486060087291
-0.025000000000000005,-0.009088204180911014,-3.6979929168376446E-4,0.00841127308098798
-0.025000000000000005,-0.01353182440053705,0.002753883082952973,0.008487406375288987
-0.020534617274650988,-0.010905374505325126,0.006773322393682078,0.008414154712410556
-0.025000000000000005,-0.0194136468378432,-5.023955181496335E-4,0.008607994829092979
-0.01889405857660301,-0.020879794188194925,-0.0030726484695625385,0.008636520296964174
-0.025000000000000005,-0.025000000000000005,-0.0035714285714285726,0.00871274299634624
-0.017671307911258892,-0.017097131254980125,0.0014899130396601255,0.008558996008756767
-0.025000000000000005,-0.019272742586170264,0.0061819190912199146,0.008620430801743037
-0.013450224922868582,-0.025,-0.0031550118156631057,0.008699437439543394
-0.018737907957237423,-0.025000000000000005,-8.684896035653436E-5,0.008685085453248904
-0.010179082303386218,-0.02187928231344465,1.7085903153133E-4,0.008644659382071901
-0.00721567533773625,-0.025000000000000005,-0.006588334525250563,0.008756933693265797
-0.0032906728843928937,-0.025000000000000005,-0.013264840337949332,0.008955697259333675
-0.008333131794472938,-0.025,3.5120835131564193E-4,0.008682536457325791
-0.007524786858593089,-0.018758564626889292,-0.0032804694039477098,0.008595426239008233
-0.003018527110712956,-0.025000000000000005,-0.0020762818009051887,0.008695681716930621
-0.025,0.007043155703455378,-0.019164510636433017,0.008022385127825535
-0.02014878907851615,0.009205106817588996,-0.018841906415375493,0.008101397989808688
-0.025000000000000005,0.013926927145949727,-0.0199800617351194,0.008251228688352447
-0.025000000000000005,0.010714285714285721,-0.025000000000000005,0.007832748463055266
-0.006699094605322523,-0.015748535458099764,-0.015956073579605535,0.008447627347537474
-0.01992840882542779,-0.025,-0.020465202759514543,0.009099079415804328
-0.018201517858536694,-0.016831980997060632,-0.018874700626782343,0.008435761742965515
-0.01392692714594973,-0.025,-0.019980061735119396,0.009078872228175197
-0.01335355865338647,-0.017795272811974964,-0.014621460682799469,0.008565604002520632
-0.007043155703455374,-0.02500000000000001,-0.01916451063643301,0.009085356212622244
-0.010017652970659137,-0.018387607237197953,-0.019810730341399737,0.008516229654266343
-0.0030274990664848956,-0.01994587376634839,-0.020268385170218645,0.008627120494138468
-5.250485206737682E-5,-0.025000000000000005,-0.019069002822388107,0.00910174818762886
6.26749154962012E-4,-0.02091180587027584,-0.015536770340437283,0.00873707418480908
0.0030618181383714436,-0.025000000000000005,-0.013160402452205979,0.008941033853891238
-0.017692004778686307,0.0031534156771812686,-0.020416127659108257,0.007886986788004232
-0.02500000000000001,0.003571428571428576,-0.02500000000000001,0.007630842291238559
-0.019413646837843194,-5.023955181496197E-4,-0.025000000000000005,0.007593845034026834
-0.025000000000000005,-0.0035714285714285687,-0.025000000000000005,0.007623323881653893
-0.01477733663642944,-0.012008149263173382,-0.018874700626782343,0.008195716225935316
-0.01988349806373598,-0.014317741582719805,-0.02500000000000001,0.008029884089941751
-0.019424252915238756,-0.007483306129489687,-0.025,0.007711014115110502
-0.016255010776912618,-0.004568667263661696,-0.020207148422440535,0.00791498839006798
-0.025000000000000012,-0.017857142857142863,-0.025000000000000012,0.00828649944732409
-0.025000000000000005,-0.010714285714285714,-0.025000000000000005,0.007839777547013966
-0.025,-0.025,-0.025,0.009040614847780713
-0.020544814755716772,-0.020254729991156434,-0.025000000000000005,0.008500182634190733
-0.019932440067004037,0.014983287430828215,-0.004166429502136167,0.008515397500610243
-0.018552313534787684,0.015329653885108553,-0.010009056215070472,0.00850732482119588
-0.025000000000000005,0.018434323700399383,-0.01420849918486455,0.008600970157938275
-0.02500000000000001,0.008333131794472934,3.5120835131564193E-4,0.008401816716040527
-0.025000000000000005,0.002831435697268493,0.002467027449750265,0.00834096918687879
-0.019070703197150072,0.001072035198437138,9.950879607603651E-4,0.008333825887910073
-0.02137622360936156,0.0046423874788127685,0.003818761846425301,0.008343508222669571
-0.02500000000000001,0.006616168209201937,0.00714934284078165,0.008334133487150454
-0.02500000000000001,0.018761880714164667,-0.006866267210139334,0.008611372009170238
-0.02500000000000001,0.02500000000000001,-0.010714285714285716,0.00887462693693234
-0.025000000000000005,0.012833377748179348,0.0036221874670103633,0.008471157498063217
-0.02500000000000001,0.01873790795723742,-8.684896035654303E-5,0.008595359492389902
-0.019932440067004037,0.014907158597679153,0.005397215290197574,0.0085103218354699
-0.02008170484431452,0.009299669524360607,0.00840192012103691,0.008364907854109637
-0.016595924999179366,0.007868959850427794,0.004079101114991467,0.008379390141063174
-7.451421404303396E-4,-0.018180997579057487,-0.0028496055752959696,0.008581429990401778
7.864810556141959E-5,-0.025,-0.006921831690980101,0.008758229980202205
0.001061917395369935,-0.019741356422335165,-0.008769616188415276,0.008645761850957279
-0.002831435697268493,-0.025000000000000005,0.002467027449750258,0.008694227808225881
-0.003235202213323814,-0.016640998185942543,0.0037080341287130548,0.008547780344989517
-0.020388786561814042,-0.016015066669266602,0.00944845657272872,0.008528344250053044
-0.02500000000000001,-0.013902615891484617,0.00816791115144377,0.008471749260572588
-0.025000000000000005,-6.3416169403651E-4,0.00703906152879832,0.008290801396797486
-0.018596913077778547,-0.0030907465886609374,0.007471803302730304,0.008292760755100138
-0.021309068729949487,0.0022648323300862856,0.010745444302244726,0.008229056649883671
-0.02500000000000001,-0.0073497385304595805,0.006428742919186161,0.008356362671268757
-0.025,-0.010743324006450436,0.013184854590695029,0.008316752755261309
-0.025000000000000005,-0.004080684326383057,0.013053397280884876,0.008187126415771946
-0.02085432239789619,-0.006810122263865894,0.014504108992646807,0.008189750211551553
-0.012833377748179348,-0.025000000000000005,0.0036221874670103703,0.008705044968877172
-0.009120414122127605,-0.020935517574823304,0.005809684653364093,0.008658549013420894
-0.006616168209201937,-0.02500000000000001,0.00714934284078165,0.008770676244650546
-0.018980786848117867,-0.02500000000000001,0.006994632991099427,0.008766016361253272
-0.015017882211376978,-0.021009044431369996,0.006936205397906308,0.008669857064508379
-0.025,-0.025,0.0035714285714285718,0.008709678807541569
-0.025,-0.025,0.010714285714285713,0.00887631789501113
-0.025000000000000005,-0.01847663839565936,0.013762321212397132,0.008601827128829438
-0.01113000062735891,-0.02151715389605745,0.01011355172370721,0.00872000404954577
-0.013485740584485838,-0.025,0.010515637070344683,0.008863118823330452
-0.018349629343036584,-0.021389869871873957,0.011338471947091228,0.008733570469084604
-0.008220984543294424,-0.025,0.013484427081328281,0.008958453332757446
-0.005463964926964604,-0.021363377894798353,0.010191148301630232,0.008714250788700067
0.008656734432672999,-0.025,-0.013622644420285436,0.008950153194760533
0.005350960558925724,-0.019741356422335165,-0.012120022553067943,0.0086616248308646
0.006836213728097019,-0.025,-0.006516924861921859,0.008759228694385763
0.003138126871667238,-0.025,-3.42585075571826E-5,0.008683784285837624
0.0039895541182744425,-0.01901406464862311,0.004787260784740497,0.00860532743392795
6.341616940365048E-4,-0.025,0.007039061528798308,0.008774565415262333
-0.0027092757938309564,-0.025000000000000005,0.013107440503708507,0.00893856024867471
-0.019272742586170257,0.006181919091219918,-0.025000000000000005,0.007669559375212067
-0.017914062981404744,0.019259512316976406,-0.018890848481050857,0.008607247631356245
-0.025000000000000005,0.019928408825427808,-0.020465202759514547,0.00863477223615739
-0.019883498063735988,0.02500000000000001,-0.014317741582719791,0.00897533162513408
-0.02500000000000001,0.02500000000000001,-0.01785714285714286,0.009066710983043855
-0.013902615891484617,0.008167911151443774,-0.025000000000000005,0.0077356372597573815
-0.013696452311502263,-0.010607066523381928,-0.025000000000000005,0.007819990860657303
-0.011570211326596464,-0.006648671995873007,-0.01982165017832804,0.007980061589782293
-0.013759397548486735,-0.003972140352447969,-0.025000000000000005,0.007623193931597498
-0.0068362137280969975,-0.006516924861921869,-0.025000000000000005,0.007671284528098784
-0.006221421621538831,-0.01124280304575201,-0.01982165017832804,0.008117233899849233
-0.01353182440053705,0.002753883082952994,-0.025000000000000005,0.007605493416147266
-0.012501248010677011,-0.0016736539170778546,-0.017205949269476724,0.008024213710392546
-0.009285625277950045,0.0030122014249794383,-0.021875000000000002,0.007806468323590736
-0.005996016714483385,-0.0028054872836575074,-0.020768599729873737,0.007862048850292278
-0.009088204180911,-3.697992916837575E-4,-0.02500000000000001,0.007591475466322218
-0.00734973853045957,0.006428742919186169,-0.02500000000000001,0.0076698576982580985
-0.008637164906454175,0.010500884433001657,-0.019947442755510577,0.0080862425250783
-0.02500000000000001,0.017857142857142867,-0.02500000000000001,0.008270752625781898
-0.018476638395659356,0.013762321212397134,-0.025000000000000005,0.007990682699200523
-0.015096569194419172,0.013527231973743052,-0.01915432692210689,0.00825660911721543
-0.0031381268716672494,-3.425850755716872E-5,-0.025000000000000005,0.007587650407998331
-0.0050394261553630415,0.003270519767005883,-0.018750000000000003,0.007964443985772339
-6.341616940365082E-4,0.00703906152879832,-0.025,0.00769261812969867
-0.017857142857142867,-0.02500000000000001,-0.02500000000000001,0.009031264693828922
-0.01430133475215108,-0.018586655347918302,-0.02500000000000001,0.00833895819554538
-0.010714285714285721,-0.025000000000000005,-0.025000000000000005,0.009023458123362868
-0.003571428571428576,-0.02500000000000001,-0.02500000000000001,0.009025718735089753
-0.006681747287931803,-0.018979941662420945,-0.02500000000000001,0.008372810459991843
-0.008656734432672987,-0.013622644420285424,-0.025,0.007979363520203191
5.25048520673766E-5,-0.01906900282238811,-0.025,0.008382107871774363
-7.864810556143867E-5,-0.00692183169098011,-0.02500000000000001,0.007690894846681946
0.0010279732423696634,-0.001524280368929867,-0.019992378750801745,0.00789405038815797
-0.0030618181383714684,-0.013160402452205977,-0.025000000000000005,0.007945007722576442
7.411765279727244E-4,-0.014992007096378825,-0.021404350171462617,0.008243770329756978
0.006681747287931817,-0.025,-0.018979941662420938,0.009068318757511636
0.004057799882872743,-0.02091180587027584,-0.021404350171462617,0.008685924584172146
0.0035714285714285687,-0.025000000000000005,-0.025000000000000005,0.0090324673021427
-0.0172250563284191,0.020591480637098283,-0.002617223359297352,0.008630980416122784
-0.012448939705150708,0.021372787628232526,-0.014636164658223531,0.00875885343281714
-0.013696452311502263,0.025000000000000005,-0.010607066523381939,0.00886589456921152
-0.010319418045986383,0.017535639593707544,-0.007783531767652002,0.008569684927462289
-0.008656734432672997,0.025000000000000005,-0.013622644420285445,0.008944329881667929
-0.014777069204414576,0.021229381975356985,-0.007681856604618674,0.008686578438260609
-0.01942425291523877,0.02500000000000001,-0.007483306129489699,0.008783539923853332
-0.013759397548486733,0.025,-0.003972140352447962,0.008709523626791275
-0.025,0.0027092757938309633,0.013107440503708502,0.008174836382866727
-0.025,0.01348574058448583,0.010515637070344681,0.008441593946368259
-0.02500000000000001,0.008220984543294426,0.013484427081328288,0.008244068512883772
-0.021523693963889583,0.011474407183894468,0.015120775304095124,0.008292823302520196
-0.025,0.025,-0.003571428571428576,0.008708955593690507
-0.019413646837843204,0.02500000000000001,-5.023955181496335E-4,0.008683800064302968
-0.025,0.018980786848117832,0.006994632991099403,0.008618030966817175
-0.01967304345242362,0.019953579298839577,0.00244740988602397,0.00861764272659213
-0.025,0.025,0.0035714285714285718,0.008708320075104293
-0.019272742586170278,0.025000000000000005,0.0061819190912199146,0.008751734454029414
-0.019204539231331693,0.019953579298839577,0.009579768251297352,0.008664355496792817
-0.025000000000000005,0.019651407162656998,0.014033660908151665,0.008667884906952266
-0.025,0.025,0.010714285714285713,0.008873125388567153
-0.014383748012746358,0.02066428830543624,0.004223352330747125,0.00864101555879117
-0.01353182440053705,0.025000000000000005,0.00275388308295298,0.008689141140193118
-0.003061818138371447,0.025000000000000005,-0.013160402452205979,0.008958526401312058
4.4434784822101615E-4,0.020543939827462512,-0.009339744340825332,0.008678231093228512
-0.006836213728097019,0.025,-0.00651692486192185,0.008766134726611993
-0.004314171359502313,0.018104015015275903,-0.012158497701279705,0.008588391991887644
-0.009609044837250695,0.02122938197535698,-0.004125103185715704,0.008646733957924028
0.003834885264917633,0.020870889844991528,-0.006964425783182561,0.008665446677766283
0.003290672884392904,0.025000000000000005,-0.013264840337949346,0.008955162926527458
-7.864810556142479E-5,0.025000000000000005,-0.006921831690980106,0.008761066863343207
-0.004790535760719006,0.018352123828483852,-0.003730807749080624,0.00858502866427244
-0.0031381268716672434,0.02500000000000001,-3.4258507557180864E-5,0.008679516249179247
-1.027612062609702E-4,0.021449544540793435,-0.0016510770629451544,0.00863684027795401
-0.013902615891484641,0.02500000000000001,0.008167911151443783,0.008803880122412417
0.007349738530459568,-0.02500000000000001,0.0064287429191861485,0.008755316444410296
-0.0031219422984930276,-0.0207028466993864,0.015042508583827895,0.008722345325339404
-5.911693730482249E-4,-0.019162181200757075,0.009831040483609858,0.008629798591092136
-0.01761813745989897,0.005163826354209081,0.014451827075691131,0.008160654489015689
0.006034502577732409,-0.017603430531225678,-0.002418741746644229,0.00856643086584159
0.010121816125320302,-0.02144640082177702,-0.0016024599606300355,0.008639679851448149
0.009088204180911007,-0.025000000000000005,-3.6979929168376446E-4,0.008674969990626174
0.010356689452059246,-0.019101285625321995,-0.008729906052152724,0.008623613716655817
0.01344083343159299,-0.021455132488662005,-0.01474211813872191,0.008770386314428356
0.014301334752151094,-0.025000000000000005,-0.018586655347918295,0.00909246073413898
0.0131852145516837,-0.017910264977324005,-0.018877169754061895,0.008506191199989797
0.013696452311502278,-0.025,-0.010607066523381923,0.00886399620717578
0.013759397548486742,-0.02500000000000001,-0.003972140352447971,0.00871286244090943
0.009896208674645338,-0.021622098386323386,0.004304590132184978,0.00865794301419429
0.01353182440053705,-0.025000000000000005,0.0027538830829529695,0.008698180402817893
0.015006151385562048,-0.017455381334941622,5.492439017708423E-4,0.008567100938574884
-0.018069405662770315,-0.017387782011588995,0.01788663407637936,0.00849892960995216
-0.02500000000000001,-4.331785270931584E-4,0.019146726789197183,0.00793474043216706
-0.017381890170476963,-0.002408143365206431,0.015575981653496869,0.008089662096462927
-0.015882928987136294,-0.010931050708739547,0.017971183458841328,0.00818627020527047
-0.025,-0.014099504615913498,0.01973309835539152,0.008258778730915664
-0.025000000000000005,-0.00726700546175808,0.019264043053919648,0.008024185185015544
-0.020139287656567466,-0.007146714196677783,0.019752054496323404,0.00799146916500082
-0.025000000000000005,-0.019615232765443223,0.02031727723657958,0.00860503285464988
-0.019651407162656988,-0.025,0.014033660908151653,0.008978816934308083
-0.02500000000000001,-0.02500000000000001,0.01785714285714286,0.009064683013680602
-0.020236050942933976,-0.025000000000000005,0.01952001259713731,0.009090171645706028
-0.01726869284754253,-0.021793327673959147,0.022260006298568658,0.008751376952139319
-0.013860333059496483,-0.025000000000000005,0.018411981832358284,0.00906104593002307
-0.008714055157379845,-0.02008016562886739,0.017102601732887225,0.008689331810599821
-0.006289298989219068,-0.02500000000000001,0.01874921254959531,0.009089259563544734
0.0075935901852868925,-0.020392139793540234,0.011992927043966302,0.008698672598886101
0.004080684326383043,-0.025000000000000005,0.01305339728088489,0.008947782682251776
4.33178527093148E-4,-0.025,0.019146726789197176,0.00909018480434415
-0.0019029037883922359,-0.018620044558458008,0.019807740169970053,0.008536643667613397
-0.01074332400645043,0.013184854590695037,-0.02500000000000001,0.00795098631478703
0.002577287505298588,0.017508975356528515,-0.017707089988151282,0.008516134752623236
-0.0014429625924337309,0.012912279793284213,-0.02045657965979324,0.00816659957562162
-0.004080684326383047,0.013053397280884888,-0.025000000000000005,0.007945017117724988
-0.010008869223536807,0.017893572190072895,-0.01967821910939473,0.008487926197941979
-0.006681747287931817,0.02500000000000001,-0.01897994166242093,0.009080384618857639
-0.0035817596874695525,0.01866771843641765,-0.019953317333816594,0.008534533501849675
-0.019615232765443212,0.020317277236579584,-0.025000000000000005,0.008504632028313468
-0.014099504615913477,0.019733098355391533,-0.025000000000000005,0.008445451575218449
-0.007267005461758062,0.019264043053919627,-0.025000000000000005,0.0083998633012241
0.003185447812825634,0.020984966431686458,-0.021562686377216023,0.008698564169419016
5.250485206736988E-5,0.025000000000000005,-0.019069002822388107,0.009082038709444568
-0.025,0.025,-0.025,0.009034252422500291
-0.014301334752151076,0.02500000000000001,-0.0185866553479183,0.009088766906886613
-0.010714285714285714,0.025000000000000005,-0.025000000000000005,0.009027066363747784
-0.017857142857142863,0.025000000000000012,-0.025000000000000012,0.009042486857763639
-0.02054481475571678,0.025000000000000005,-0.020254729991156427,0.009101975671155808
0.002709275793830958,0.013107440503708524,-0.02500000000000001,0.007942474741053153
0.006251075812938752,0.01164369688855368,-0.020509256442070148,0.008114718284211097
0.007043155703455378,0.025,-0.019164510636433024,0.009094931541773868
0.0028314356972684897,0.002467027449750265,-0.025000000000000005,0.00760955441574713
0.002728715863545484,0.006744821589213021,-0.017452564596299222,0.008078742440618996
0.006616168209201934,0.007149342840781652,-0.02500000000000001,0.007691538170657513
0.005885520867979726,-5.279408636474969E-4,-0.020958069956272488,0.007835589146025291
0.00822098454329444,0.013484427081328307,-0.025000000000000005,0.007964780536276684
0.01079805054415329,0.004233277219172042,-0.018096545846832547,0.008010727571950486
0.01348574058448584,0.010515637070344683,-0.025,0.007822228434751798
0.012833377748179352,0.0036221874670103633,-0.025000000000000005,0.007612225280134874
0.007043155703455383,-0.01916451063643302,-0.02500000000000001,0.008388532728033927
0.008333131794472946,3.5120835131563846E-4,-0.025000000000000005,0.007589131493000971
0.011056228666784166,-0.003749137355445553,-0.020063762222414225,0.00790762701491948
0.013450224922868563,-0.0031550118156631057,-0.025000000000000005,0.007608325513381972
0.0030185271107129406,-0.002076281800905185,-0.025000000000000005,0.007596233542212852
0.004017923155433406,-0.00881036401667102,-0.021086474950668177,0.007969748432065661
0.010294756973759256,-0.013824294318422118,-0.025000000000000005,0.007995594558534203
0.004544171194316917,-0.01682361174055167,-0.017808700342925234,0.008472538697387151
0.007215675337736238,-0.006588334525250577,-0.025000000000000005,0.007676800980203434
0.006930460538615695,-0.011629226937508586,-0.01802505982769912,0.008210304021473576
0.013040750104100815,-0.012226060366925707,-0.018877169754061892,0.008205931261662176
0.013637998250783958,-0.0086116525143228,-0.025000000000000005,0.007747364948527994
0.0032906728843928898,-0.01326484033794934,-0.02500000000000001,0.007957374988313927
0.010714285714285714,-0.025000000000000005,-0.025000000000000005,0.00902797598775531
0.013926927145949723,-0.019980061735119396,-0.02500000000000001,0.00847351026417123
0.017857142857142863,-0.025000000000000012,-0.025000000000000012,0.009045974952509826
-0.00908820418091101,0.025,-3.6979929168375926E-4,0.008678020553819872
-0.005963727546706805,0.018963405378218844,0.0022307796692464755,0.00859563400482204
-0.01876597446373133,0.0022343398064739338,0.019797183249991142,0.007908732131242623
-0.025000000000000005,0.006289298989219063,0.018749212549595305,0.008023529258757461
-0.025000000000000005,-0.0035714285714285687,0.025000000000000005,0.007621577879025603
-0.025,0.0035714285714285718,0.025,0.007622734903394005
-0.025000000000000005,0.01386033305949649,0.018411981832358277,0.008299804603860187
-0.018140107505468142,0.00938832273815247,0.01912998151343154,0.008090654280788869
-0.019678228328864324,0.018272619700113794,0.017149640013586376,0.008568459762358909
-0.014129536274606643,0.020654594228646805,0.011473589290739616,0.00870527432540207
-0.010743324006450426,0.025000000000000005,0.01318485459069504,0.008971347939840944
-0.008842024722754627,0.01874143537311071,0.009888640943021281,0.008620847994339252
-0.025,0.020236050942933986,0.019520012597137308,0.008667799506323789
-0.025,0.025,0.017857142857142853,0.009056693667472178
-0.018476638395659353,0.025000000000000005,0.013762321212397132,0.00897510885893565
0.011868520430531852,0.014015831963089089,-0.019959350214195593,0.008252703808178892
0.008163434804648888,0.019896569468774328,-0.012537519913643097,0.008676547696594024
0.010294756973759246,0.025000000000000005,-0.013824294318422126,0.008963201465924098
0.011279606010612323,0.019773618422424935,-0.017041605532412102,0.008662520743932872
0.01392692714594972,0.025000000000000005,-0.019980061735119393,0.00909397974941261
0.007215675337736262,0.02500000000000001,-0.006588334525250563,0.008754810347848285
0.01146436502068528,0.01954568471161162,-0.006293226217269639,0.008630363679172253
0.013637998250783968,0.02500000000000001,-0.008611652514322799,0.008812037784242728
0.003018527110712956,0.02500000000000001,-0.002076281800905187,0.008686967583157993
0.004074366418709773,0.019577373373133727,0.001780552431069394,0.008605457402103833
0.002831435697268493,0.025000000000000005,0.002467027449750258,0.008690325960348341
-6.3416169403651E-4,0.025,0.007039061528798308,0.008761999847816473
-0.007349738530459574,0.025,0.006428742919186136,0.00875378677892813
0.0066161682092019305,0.02500000000000001,0.00714934284078165,0.008774639148865813
5.291824840494943E-4,0.016243428832870794,0.006812161633641996,0.008538017030110121
0.01390261589148463,-0.02500000000000001,0.008167911151443776,0.008803369753687316
0.010743324006450429,-0.02500000000000001,0.01318485459069504,0.008952813434263471
0.003125481280970799,-0.019192870552706753,0.0178526456266765,0.008617109572885352
0.014590425782019512,-0.021622098386323386,0.011370650384225422,0.008745660265519753
3.677746161356495E-4,0.019141250933897843,0.012223798157418024,0.008643601120358195
-0.019413646837843197,-5.023955181496197E-4,0.025000000000000005,0.007591564323576498
0.01843432370039939,-0.014208499184864554,-0.025000000000000005,0.00802425302317578
0.016865014653700234,-0.021455132488662005,-0.01956594987260915,0.008775296756429542
0.019928408825427808,-0.020465202759514547,-0.025000000000000005,0.008518994666588233
0.015362418345192768,-0.018461214828308828,-0.005339789551237504,0.008593227243578687
0.020544814755716772,-0.025000000000000005,-0.02025472999115641,0.009097464398289666
0.019883498063735988,-0.025,-0.014317741582719805,0.008985976119195722
0.01777866390042835,-0.021661579809160714,-0.011172542847680583,0.008745054134280807
0.015367555140947616,0.0020144836801704144,-0.020095791419459687,0.007891983022844771
0.018737907957237423,-8.684896035653436E-5,-0.02500000000000001,0.007590647893233898
0.025,-0.025,-0.025,0.00903550593384643
0.01841659187945198,-0.0034744475158064187,-0.02101653078232467,0.007865290495090412
0.01876188071416465,-0.006866267210139328,-0.025000000000000005,0.007689437550997246
0.01872175097870884,-0.01788443852247821,-0.016609771133819163,0.008543834919737535
0.018095275801666536,-0.006862046071256304,-0.017033061564649333,0.0081008914095732
0.018264799751032963,-0.010535272628060428,-0.02101653078232467,0.008054402723515715
0.019424252915238763,-0.02500000000000001,-0.007483306129489694,0.008782442546113437
0.019413646837843204,-0.02500000000000001,-5.023955181496405E-4,0.008688542111258878
0.02142605329209492,-0.01867519988380986,0.003949978656610017,0.008598589304020793
0.017852106584189835,-0.0186124918103823,0.007986806273576565,0.008609835627609589
0.01927274258617027,-0.025000000000000005,0.006181919091219907,0.008758111966693348
-0.019883498063735995,-0.0143177415827198,0.02500000000000001,0.008027558119040743
-0.02500000000000001,-0.01785714285714286,0.02500000000000001,0.008271170798079198
-0.02054481475571677,-0.020254729991156413,0.025,0.008499622340227764
-0.01509213186964369,-0.014758853028328918,0.021485591729420665,0.00823053708549899
-0.019424252915238742,-0.007483306129489673,0.025000000000000005,0.0076929361441418626
-0.013229013522870196,0.0026413847252495584,0.02116914898229146,0.007840776677772486
-0.013759397548486731,-0.003972140352447966,0.025000000000000005,0.007626636662323171
-0.013531824400537046,0.00275388308295298,0.025000000000000005,0.007595603661757604
-0.013696452311502273,-0.010607066523381918,0.025000000000000005,0.007817235381885643
-0.00901140469780863,-0.010263855077549957,0.021905754859605355,0.007988371115468188
-0.00865673443267299,-0.01362264442028542,0.025000000000000005,0.007974423617224183
-0.02500000000000001,-0.010714285714285716,0.02500000000000001,0.007827898182139989
-0.025,-0.025,0.025,0.009034124571421217
-0.01430133475215109,-0.018586655347918292,0.02500000000000001,0.008332037752320904
-0.008685394795026417,-0.016851405024576403,0.021051300866443613,0.008376834210131755
-0.017857142857142867,-0.02500000000000001,0.02500000000000001,0.009034460716379792
-0.010714285714285713,-0.025,0.025,0.009023021972356488
-0.006681747287931798,-0.018979941662420938,0.025,0.008380506440153935
-0.0035714285714285718,-0.025,0.025,0.00902917559851912
-0.004249123864032376,-0.016152152031967546,0.018811509719210702,0.008409004007208638
-0.0030618181383714528,-0.013160402452205957,0.025000000000000005,0.007955750142384442
5.250485206738701E-5,-0.019069002822388114,0.025000000000000005,0.008384083626777802
0.01068699384513926,-0.020163226045431637,0.01856406116786168,0.008677353855573213
0.007267005461758071,-0.02500000000000001,0.019264043053919645,0.009090593592144586
0.0032906728843929,-0.013264840337949313,0.025,0.00796421762437864
0.001702667135812631,-0.012112032520593802,0.01812084288631964,0.008226027813690787
0.0035714285714285687,-0.025000000000000005,0.025000000000000005,0.009034436788065533
0.014099504615913475,-0.025000000000000005,0.019733098355391523,0.009095878018432082
0.01386033305949648,0.01841198183235826,-0.025000000000000005,0.008325630603316004
0.019954717660770813,0.012817823273456541,-0.019635336212169157,0.008203521166849527
0.00628929898921907,0.01874921254959531,-0.025000000000000005,0.008356825715670927
-4.331785270931445E-4,0.019146726789197183,-0.025000000000000005,0.008380240846152208
-0.0035714285714285687,0.025000000000000005,-0.025000000000000005,0.009026533882550042
0.003571428571428576,0.02500000000000001,-0.02500000000000001,0.009033041743181203
0.01898078684811787,0.006994632991099429,-0.025000000000000005,0.007687992090955033
0.017933781520729976,0.006808069572492286,-0.018214823775016056,0.008052805692378073
0.019651407162656995,0.014033660908151651,-0.02500000000000001,0.007999811775123397
0.025000000000000005,0.010714285714285714,-0.025000000000000005,0.007837482493747465
0.010714285714285721,0.025000000000000005,-0.025000000000000005,0.009033274753192195
0.02023605094293398,0.019520012597137305,-0.025000000000000005,0.008428792546101842
0.017857142857142867,0.02500000000000001,-0.02500000000000001,0.009038082974957973
0.025000000000000005,0.0035714285714285687,-0.025000000000000005,0.007627572901955576
0.025000000000000005,-0.010714285714285721,-0.025000000000000005,0.007830747203169761
0.025,-0.013926927145949721,-0.019980061735119396,0.008250371373736668
0.02500000000000001,-0.017857142857142867,-0.02500000000000001,0.00827072811910929
0.02500000000000001,-0.003571428571428576,-0.02500000000000001,0.007621353977520788
-0.019272742586170268,0.0061819190912199215,0.025,0.007671202273623533
-0.025,0.010714285714285713,0.025,0.007833906478002453
0.0027092757938309564,0.025000000000000005,0.013107440503708514,0.008955503122088922
0.007646185757025859,0.020092731527243182,0.010442471615638067,0.008668216323965396
-0.00408068432638305,0.025,0.013053397280884877,0.00894172915437055
-0.01390261589148464,0.008167911151443785,0.02500000000000001,0.007732665643738655
-0.01074332400645043,0.013184854590695051,0.02500000000000001,0.007960545792968371
-0.016416547526694,0.015035754834845368,0.019889633715017726,0.008305946568074955
-0.010236274919797938,0.007618376914587199,0.015796213647673762,0.00815731306538155
-0.0054352183069172255,0.007328719221692757,0.020398106823836883,0.0079599916640037
-0.01847663839565936,0.013762321212397134,0.025000000000000005,0.007983532454069629
-0.003463275696401789,0.019897922581272324,0.017620313948616885,0.00867148135409803
-0.01525802607130375,0.020017877417422683,0.019811366035204624,0.008647481455682431
-0.02500000000000001,0.017857142857142867,0.02500000000000001,0.00828985966948016
-0.019615232765443212,0.020317277236579584,0.025000000000000005,0.008511026825340074
-0.014099504615913487,0.019733098355391526,0.025,0.008436424673424626
-0.010811731059743356,0.017786615755606614,0.019889633715017722,0.008483748269662363
-0.007267005461758081,0.025,0.019264043053919648,0.00909023980627644
-0.019615232765443216,0.024999999999999998,0.020317277236579577,0.009094662549637368
-0.014099504615913496,0.025000000000000005,0.019733098355391523,0.009093434633930779
-0.025,0.025,0.025,0.00903503884436083
0.017722232571598533,0.019773618422424935,-0.017691951593952863,0.008651863341452445
0.019928408825427804,0.025,-0.020465202759514543,0.009102137559582633
0.018434323700399397,0.025000000000000005,-0.01420849918486455,0.008984938874156946
0.017138968515966958,0.019773618422424935,-0.01089248381926526,0.00866324052897274
0.008333131794472938,0.025,3.512083513156454E-4,0.00868484200761881
0.006951399233031189,0.016435191036401495,-0.0029571877376341014,0.008544016249564813
0.010315559077650745,0.019408446302738757,0.005600513765309807,0.008618399299760209
0.013450224922868582,0.025,-0.003155011815663116,0.00870113456516454
0.013499090305688681,0.017910059811188737,7.170057451193423E-4,0.00857720937589201
0.01283337774817932,0.025000000000000005,0.003622187467010353,0.008707518599079391
0.017722534546548964,0.0201745636367319,-0.003376715526882705,0.008623597193813953
0.01876188071416465,0.025000000000000005,-0.006866267210139335,0.008769090222610429
0.013485740584485845,0.02500000000000001,0.010515637070344678,0.008872577037245429
0.008220984543294433,0.02500000000000001,0.013484427081328295,0.008969995064468642
0.0110996760393592,0.01940277776765499,0.0167621482566644,0.008642763146312881
0.018749788352288268,0.019154223520717713,0.004875465440198345,0.008611510917315327
0.018980786848117832,0.025,0.00699463299109941,0.008772464347417103
0.017445419968808586,0.01940277776765499,0.010884858477416458,0.008647238319365523
0.018476638395659356,-0.025,0.013762321212397125,0.008963411136944975
0.007274483074365044,-0.01532645209086327,0.017395023980331832,0.008404240508627535
0.010294756973759247,-0.013824294318422114,0.025,0.007995834921139967
0.008025774594868366,-0.0087682209422477,0.018067244657800408,0.008110139314243986
0.007043155703455376,-0.019164510636433006,0.02500000000000001,0.008399748223208617
0.017934068994040285,-0.018837181651197504,0.01720914606654527,0.008599358351186583
0.019615232765443216,-0.024999999999999998,0.020317277236579577,0.009107915332047635
0.013926927145949721,-0.0199800617351194,0.025000000000000005,0.008469668498550565
0.013246422904270305,-0.012726483276884788,0.02022941012920458,0.008168580412020891
0.006289298989219063,0.025000000000000005,0.018749212549595298,0.009088419439919943
0.003829504957763436,0.019141250933897843,0.018078873667816516,0.008616956768544095
-0.009088204180911011,-3.697992916837575E-4,0.025000000000000005,0.007589936081718754
-0.011240805671597343,-0.005489844478335712,0.019649605571099706,0.007956898797555532
-0.007349738530459584,0.0064287429191861485,0.025000000000000005,0.00766174221976779
-0.0068362137280970165,-0.0065169248619218415,0.025000000000000005,0.00767308154365178
-0.0052208796218679784,-0.0017420969725594532,0.02053392298186595,0.007864942109779742
-0.004326357084114985,-0.009920643631717995,0.018811509719210705,0.008117124472583372
-7.864810556142826E-5,-0.006921831690980089,0.02500000000000001,0.007692125188381855
0.005382163139820949,-0.005055660624259313,0.021717622973232296,0.007842238412191437
0.007215675337736246,-0.006588334525250565,0.025000000000000005,0.00767273950243932
0.0030185271107129397,-0.0020762818009051782,0.02500000000000001,0.007603039060534531
0.001317914034658793,-0.0037249291225724037,0.016700379712891084,0.008058727290743648
-0.0031381268716672286,-3.425850755717219E-5,0.025000000000000005,0.007582526655754138
-6.470453156692198E-4,0.002339632933593802,0.020577183631327968,0.00786746284554709
-6.341616940365134E-4,0.007039061528798313,0.025000000000000005,0.007687480643720867
0.0028314356972684914,0.002467027449750258,0.025,0.007598187035898806
0.00582743022881711,0.002373716779712504,0.021515243719397812,0.007816513719847
0.013637998250783946,-0.008611652514322797,0.02500000000000001,0.0077468775413186775
0.012430138389739005,-0.0029914106689863463,0.02167010972647841,0.007811265927589814
0.01345022492286857,-0.003155011815663092,0.025000000000000005,0.007600632682624963
0.025,0.025,-0.025,0.009036338972441752
0.025000000000000005,-0.0199284088254278,-0.020465202759514547,0.008628434746440875
0.025000000000000005,-0.018761880714164656,-0.006866267210139328,0.008609754516096493
0.025000000000000005,-0.01345022492286858,-0.0031550118156631023,0.008484753795545554
0.020528672481604178,-0.01622078334815322,-0.0012729427866943084,0.008543476022297582
0.01825323868624931,-0.012343501834621295,-0.006375318588490326,0.00844412271509875
0.02500000000000001,-0.018434323700399394,-0.014208499184864555,0.008603616561209455
0.02500000000000001,-0.02500000000000001,-0.01785714285714286,0.009053778978239033
0.02186087548935442,-0.01832315961832143,-0.011738019171979244,0.008598564945573635
0.02500000000000001,-0.02500000000000001,-0.010714285714285716,0.008881650062938224
0.025000000000000005,0.006681747287931816,-0.018979941662420938,0.00801519110593192
0.025,0.014301334752151089,-0.018586655347918302,0.00831471512654069
0.020258028158884632,0.011601985638761431,-0.014270672424338307,0.008317386944134158
0.025000000000000012,0.017857142857142863,-0.025000000000000012,0.0082786404947061
0.02082002666343253,0.016122578306974736,-4.3186602474200807E-4,0.008541001904969451
0.025,0.019413646837843197,-5.023955181496353E-4,0.008606434600941381
0.02500000000000001,0.019424252915238763,-0.007483306129489699,0.008631045606665652
0.025000000000000005,-5.250485206736294E-5,-0.019069002822388107,0.00793847913628366
0.025,-0.007043155703455378,-0.01916451063643303,0.008022068705967306
0.025,0.01369645231150226,-0.010607066523381932,0.008445924413509632
0.0157130547036343,0.014091369423223234,-0.005998117909288714,0.008491238547030955
0.017901732533715877,4.067798933304662E-4,-0.01519158283891937,0.008095721886003562
0.025000000000000005,0.003061818138371447,-0.013160402452205979,0.008175526250559895
0.025,0.008656734432672992,-0.013622644420285431,0.008250078864782696
0.02094338809667104,0.0033500771297232837,-0.009175739620506107,0.00826826640105659
0.016886776193342078,0.0066215061538851434,-0.011429647550032108,0.008261995338118337
0.025000000000000005,-0.003290672884392897,-0.013264840337949346,0.008173849759892444
0.025,7.864810556142479E-5,-0.006921831690980108,0.00828934254515522
0.017433585837807335,-0.005757824881643593,-0.010949510794473203,0.008254092664515182
0.025,-0.010294756973759244,-0.01382429431842212,0.008286405402345858
0.02121679291890367,-0.009697911566213772,-0.009780581654398001,0.00834833661770676
0.025000000000000005,-0.00721567533773625,-0.00658833452525057,0.008351220140625388
0.02082059861129985,-0.0060503455947618625,-0.0027257966877309897,0.00836312940818915
0.02500000000000001,-0.013637998250783955,-0.008611652514322799,0.008462279862043818
0.025000000000000005,0.006836213728097017,-0.006516924861921871,0.008348092593210253
0.018763500375875743,0.00805476554149666,-0.004843322349372326,0.008376199501207349
0.025,0.013759397548486733,-0.003972140352447969,0.00848794437713286
0.025000000000000005,0.009088204180911007,-3.6979929168377146E-4,0.00841033934293586
0.020643911510127615,0.005213737440613637,1.2152904345902743E-4,0.008367162002426
0.025000000000000005,0.01353182440053705,0.00275388308295298,0.008486124569503909
0.017474470383349466,0.010718467588126298,0.006490114356534668,0.0084139050644683
0.025000000000000005,-0.008333131794472943,3.512083513156454E-4,0.008400218443123731
0.020371023397052792,-0.010998916197368223,0.0023483146201216487,0.008437212147094262
0.025,-0.025,-0.003571428571428576,0.008708422551765148
0.02500000000000001,-0.01873790795723742,-8.684896035653263E-5,0.008595240990924357
0.025000000000000005,-0.012833377748179348,0.0036221874670103738,0.008470490961340909
0.025,-0.025,0.0035714285714285718,0.008710720281022356
0.025,-0.018980786848117832,0.00699463299109941,0.00861898283545078
0.021026252951706802,-0.013870536745199348,0.006613753137634494,0.0084810530719004
0.025,-0.01348574058448581,0.010515637070344681,0.008444843945893265
0.018434323700399383,-0.014208499184864547,0.025000000000000005,0.008003730247699244
0.019136915549099152,-0.013554830934952525,0.01898124464030687,0.008261811130220939
0.025000000000000005,0.00313812687166724,-3.42585075571826E-5,0.008351002379585993
0.01688677619334208,7.838753821921735E-4,-0.0056564662403419865,0.008306333949213538
0.025000000000000005,-0.0030185271107129492,-0.0020762818009051887,0.00834021204148954
0.018269332870453812,0.0012662106770184901,0.00231177588209903,0.00833285925030672
0.025000000000000005,-0.002831435697268493,0.002467027449750265,0.008339564266026212
0.020271831870834815,-0.0036513630224730034,0.006442008093927851,0.008312482667661313
0.02062645261131868,-0.009065873606588835,0.00927752761865897,0.008347181547730408
0.02500000000000001,-0.008220984543294433,0.013484427081328288,0.008242933471824544
0.016252905222637355,-0.01267436330239501,0.014101014896510965,0.00835467474542897
0.025000000000000005,-0.01386033305949649,0.018411981832358263,0.0082983780338147
0.02500000000000001,-0.006616168209201925,0.00714934284078165,0.008331988806540732
0.025000000000000005,6.341616940365169E-4,0.00703906152879832,0.008293832723946275
0.025000000000000005,-0.0027092757938309564,0.013107440503708507,0.008176614280400679
0.019917211130350946,-8.705469096513725E-4,0.014435394911964862,0.008122453698266573
0.025,0.01988349806373598,-0.014317741582719805,0.008678160802617301
0.025,0.020544814755716775,-0.020254729991156427,0.00868205881788856
0.025,0.00408068432638305,0.013053397280884877,0.008186456616799207
0.018766465324342698,0.0028782660892885947,0.009071396730585681,0.008266031927371966
0.025,-0.019651407162657,0.014033660908151665,0.008670795820541725
0.025,-0.020236050942933993,0.019520012597137308,0.00866216796926666
0.025,-0.025,0.010714285714285713,0.008867907426549337
0.010714285714285716,-0.02500000000000001,0.02500000000000001,0.009038911379241992
0.01785714285714286,-0.02500000000000001,0.02500000000000001,0.009033007449320658
-4.331785270931584E-4,0.02500000000000001,0.019146726789197176,0.009092186679807077
-4.331785270931289E-4,0.019146726789197183,0.025,0.008396576842019582
-0.00377198001139242,0.01647565993107861,0.021310156974308443,0.008347402315431539
0.002709275793830965,0.013107440503708512,0.025000000000000005,0.007953302049569384
-0.0072670054617580675,0.019264043053919627,0.025,0.008403796740680198
-0.004080684326383051,0.013053397280884898,0.02500000000000001,0.007941102871655312
0.003992939567754872,0.010215922354288667,0.02120426739301887,0.008016498521099482
0.001369710926307809,0.013282501867795683,0.017408534786037738,0.008296521258941845
-0.0035714285714285687,0.025000000000000005,0.025000000000000005,0.009036538328395967
-0.010714285714285716,0.02500000000000001,0.02500000000000001,0.009023448156281358
-0.01785714285714286,0.02500000000000001,0.02500000000000001,0.009038387595050185
0.02500000000000001,0.02500000000000001,-0.01785714285714286,0.00906566844606498
0.02500000000000001,0.02500000000000001,-0.010714285714285716,0.008876487007021589
0.019651407162657005,0.025000000000000005,0.014033660908151672,0.008974599804773067
0.018737907957237416,0.025000000000000005,-8.684896035653436E-5,0.008685194202751012
0.025000000000000005,0.025000000000000005,-0.0035714285714285726,0.00870995066253506
0.025,0.025,0.0035714285714285718,0.008711863232382431
0.006289298989219063,0.0187492125495953,0.02500000000000001,0.008360772569199834
0.018073052016216663,0.01940277776765499,0.01714754828043541,0.008639722405967937
0.012065518816396883,0.013644991308319136,0.019887541981866753,0.008234792614488718
0.013860333059496478,0.01841198183235827,0.025,0.008331449299586196
0.01386033305949649,0.025000000000000005,0.018411981832358277,0.009084902718202338
0.010714285714285713,0.025,0.025,0.009035360778025844
0.0035714285714285718,0.025,0.025,0.00902923569186023
0.025000000000000005,0.019272742586170264,0.0061819190912199146,0.008621906360242461
0.025,0.025,0.010714285714285713,0.008875667953181966
0.02500000000000001,0.007349738530459574,0.006428742919186161,0.008352825454947437
0.025,0.010743324006450434,0.013184854590695034,0.008319379534908213
0.02112380483224948,0.010679052002284719,0.016206056210264146,0.008233800324293557
0.02500000000000001,0.013902615891484624,0.008167911151443776,0.008475029384651781
0.021121245348497915,0.015309768053300912,0.011977595058692152,0.008492938592301078
0.02023605094293399,0.025000000000000005,0.01952001259713732,0.009101510997644597
0.025,0.018476638395659356,0.01376232121239713,0.008606428529069683
0.025,-0.025,0.017857142857142853,0.009057866306252571
0.025,-0.025,0.025,0.009039227033818173
0.01992840882542779,-0.020465202759514547,0.025000000000000005,0.008520849073236268
0.02500000000000001,-0.017857142857142867,0.02500000000000001,0.008277007642891262
0.006616168209201934,0.007149342840781652,0.02500000000000001,0.007694470952915364
0.008333131794472938,3.5120835131565234E-4,0.025000000000000005,0.0075857324248534514
0.01283337774817932,0.0036221874670103633,0.025000000000000005,0.007614235745292732
0.013176405390224811,0.0056339871866740165,0.019879225120276293,0.007949867500425204
0.00822098454329443,0.013484427081328292,0.02500000000000001,0.00797125197093391
0.01876188071416465,-0.006866267210139321,0.02500000000000001,0.007688568143608827
0.016688547654537835,-0.005950771751912731,0.017457273041506897,0.00806522463384305
0.025000000000000005,4.331785270931636E-4,0.01914672678919718,0.007936324755794491
0.019325170055939183,0.00551896754028528,0.01668887156202212,0.008093483702509004
0.018737907957237405,-8.684896035651701E-5,0.025000000000000005,0.007582532267833655
0.01897756058208521,8.285085458936448E-6,0.02098501164437588,0.007838885260389051
0.025,0.007267005461758081,0.019264043053919648,0.008024903871595029
0.013485740584485833,0.010515637070344683,0.025,0.007815406475944616
0.025000000000000005,0.01409950461591349,0.01973309835539153,0.0082678267420706
0.0174454199688086,0.010400094263204705,0.019887541981866753,0.008091925113624582
0.025000000000000005,0.019615232765443216,0.02031727723657958,0.00860401773534013
0.025,-0.010714285714285713,0.025,0.007834571528103405
0.025000000000000005,-0.006289298989219063,0.018749212549595298,0.008017320049310826
0.025,-0.0035714285714285718,0.025,0.007618136151320423
0.019651407162656988,0.014033660908151658,0.025000000000000005,0.008010474393162647
0.02023605094293398,0.019520012597137305,0.025000000000000005,0.008432756053134824
0.02500000000000001,0.02500000000000001,0.01785714285714286,0.009057661633262134
0.017857142857142867,0.02500000000000001,0.02500000000000001,0.009036824585451029
0.025,0.025,0.025,0.00903405705511101
0.018980786848117864,0.006994632991099429,0.025000000000000005,0.00769502250587082
0.025000000000000005,0.0035714285714285687,0.025000000000000005,0.007625660514208642
0.02500000000000001,0.01785714285714286,0.02500000000000001,0.008273957414113168
0.02500000000000001,0.010714285714285716,0.02500000000000001,0.007832722086448488
-0.015858220961356622,-0.013409232002964837,-0.012749401253564682,0.008407192617918996
-0.014686567300638899,-0.003175069884428864,-0.00978891747810897,0.008243885667364554
-0.009381025104706195,-0.009325203639298047,-0.014643300356656074,0.008234660537069933
-0.015026568591485538,0.00831000182663712,-0.008241457581480248,0.008338024731821768
-0.0131004183919372,-0.014094923837540942,-0.0046335898280473985,0.008490077599795883
-0.006716441922713242,-0.012517129253778587,-0.006912147159211062,0.008446533652110214
-0.014262385339395793,0.006742674517481998,-0.015741004814049348,0.008143248548198027
8.201709731305738E-4,-0.011032393508091464,-0.01717294990133635,0.008215385007997946
-0.0029038292480557696,-0.005241175275631257,-0.016537199459747465,0.00808782366080628
-0.013671114828319276,0.01534786327041916,-0.012490367804658965,0.008476062715517697
-0.014864880134008076,0.01632857661087248,2.787935100504656E-4,0.008542363348144155
-0.012174655603216188,-0.015269312664092132,0.0046727857529998374,0.008517948003480704
-0.016069234549301967,-0.007908133119165635,0.005378733635920386,0.00836988286491206
-0.008926810048783294,0.012889727482977576,-0.01332360292467553,0.008376023948611689
-0.007513966514601455,0.005390684484963389,-0.011935143198966436,0.00822807917255826
-0.013561153468383411,-0.004258454056361632,-0.0016761917331333557,0.008347603130411876
-0.0074247897056102605,-0.002402378628296918,-0.009436890054827049,0.00825831567712912
-0.012967615609220402,0.0035233621463470637,-0.00327877301711826,0.008337343552602789
-0.010700377906095201,0.011664506646917447,-0.0017545933815388858,0.008445587128577575
-0.006474803775922404,0.011311054722080011,-0.006428538305042308,0.008418377561678457
0.0020451866851784505,-0.014482712844670325,-0.010617400685850452,0.008470189875696057
-0.006837189587276444,-0.008281996371885076,6.270253774422097E-4,0.008396286110308676
0.0039818581383363775,-0.005590323208747592,-0.016323096717322873,0.008098945238382501
0.0010285552319854575,-0.003965425689340645,-0.008074398919494923,0.008285259672424489
-2.0538741899376315E-4,9.662233653361626E-4,-0.01287870898789999,0.008170037713554783
0.0015338030364126537,-0.011378829972584882,8.75089591086248E-4,0.00844151289800259
-0.018069405662770315,-0.011255034894097177,0.010942366917682652,0.008368601864557165
-0.014611209398361576,-0.018000010472374754,0.01106237677451634,0.008589197944342103
-0.007278563552588399,-0.0159582936569477,0.009714938057206449,0.008521662685455018
-0.003068808409581015,0.012250240562242795,-0.015987495725537117,0.008291287166780084
-0.012180790871448155,0.0012734608871150046,0.00828294966765427,0.00827118295629272
-0.006940725439058832,0.012482870746221416,0.006592427295347521,0.008446444465337445
-0.015163409688629033,0.011983170839519278,0.00965449740129217,0.008407789926012457
4.7544152907208763E-4,0.016543761403869598,-0.005112033219712099,0.008547992064928654
-8.511260291296987E-4,0.01836287607448241,8.600486728134632E-4,0.008579488999103343
0.004443856364123358,-0.01578427958708046,0.010800999497237564,0.008513662968931919
-0.01113881132554062,-0.015160331257734774,0.015455990916179142,0.008428979005447396
-0.0018165004401329546,-0.013324362401514151,0.012623019438421404,0.008402917638642602
-0.009458181431211573,-0.006835512179686369,0.01233576669079918,0.008242254692887406
0.00113076913459645,0.008747359370487023,-0.00873156951160779,0.00834033650060178
-0.004540813386615432,0.002830999764397679,-0.001180317662784638,0.00833788368582503
-2.035787517283871E-4,0.011840475100895958,8.786805538851933E-5,0.008450152005795705
0.008482707969510252,-0.016687386534432764,0.0023338275138045,0.00855223406396182
0.006888943362275854,-4.065085713138273E-4,-0.01556914445282393,0.00807928380413799
0.011190551603333073,-0.00668093643905723,-0.014901612492865639,0.008165492857143405
0.009134092490997418,-0.010270454145009718,-0.0047066953945484385,0.008409791031313157
0.012443501957417674,-0.015840468219528617,-0.01275433950812378,0.00849418339496733
0.006183960146175147,0.014369577956837175,-0.011754389139625482,0.008458904160420866
0.009792875832046546,0.010179953273398839,-0.01601851288414029,0.00823403771369708
0.005979745898075919,-9.711063899638526E-4,-7.738501395262429E-4,0.00832956908475785
-2.019537225061545E-4,-0.003953644714958797,0.00629874259338202,0.008308830136254967
0.008773552386684157,0.0045862778750972956,-0.009236650679778786,0.008266577764230659
0.013178500260755108,-0.004144474531203135,-0.0013682170627852205,0.008351431191700018
0.0071795331314120905,-0.010289925741577055,0.008347444990227377,0.00838691599246229
0.01514192837840057,-0.011556013425500413,0.005169039031992891,0.008435577135415094
0.010960030694254809,-0.0174687034402231,0.008982732703494123,0.008575565171908791
-7.985917062930438E-4,0.0040954719696184635,0.01115853478603774,0.008228782113979151
-0.004413994112847272,0.0023017068283276054,0.015722792472182386,0.008079539971152837
-0.010657903775676039,0.0012578489523120528,0.016933558665682705,0.008028296012321898
-0.002785507256375511,0.012882686307008551,0.01200048104069263,0.008399128705810655
-0.006493372865710419,0.014795845162544643,0.01609390110803659,0.008405869342686561
-0.014356456657728646,0.0163091884572936,0.014779267430035447,0.008497474252967579
0.015516056317769266,0.014547236844849869,-0.014918700428391184,0.008415987319848347
0.0018440362403287886,0.004713524374744776,0.01615436726265593,0.008089165617210651
0.011880321366279197,0.00841074790030502,-0.0031482934281934923,0.008389512632877568
0.006491250664493742,0.009681912334433796,0.005806824636600523,0.008392784564161124
0.010228582435522117,0.0027166162930910035,0.007927599174593907,0.008285792783130535
0.017279662403711406,-0.012095131016273688,-0.001687717433326451,0.008454840454964701
0.00914583972783593,-0.0035075755629295543,0.011960861310387138,0.008206903810635645
0.015543663741669624,-0.004471290347677513,0.010416988738105438,0.008251580013591543
0.00634164109360222,0.013783636131654446,0.011676964032746897,0.008435739570712593
0.012446258939864749,0.015450570777218654,0.009106537104736478,0.00850936052789301
0.00881435652609467,-0.001203202495708657,0.018239557917956856,0.00796784867705435
0.00810206659350485,0.007125341921161947,0.01658594205312948,0.008119526055736464
0.012920729058373194,0.007938821947183271,0.012185589432601729,0.008269152232238234
0.014834422260701892,9.681819745282114E-4,0.01576334932022122,0.008076179987195885
0.014926600066405544,0.012462034684119973,0.014730091246198073,0.0083351283834982
